34
837
1676
4269
4683
7823
14585
16797
19329
19693
20399
23379
25176
30293
35802
41644
46131
47659
52718
55555
58422
65409
73422
75252
77663
80862
91655
104248
115327
116886
119118
120383
140621
145552
149682
156111
158311
173635
179796
187097
191355
192897
193289
216419
229330
230056
243273
246409
251625
252335
254887
264996
274361
281572
288423
288876
289209
305535
309755
314676
325595
327937
336654
337181
339216
344527
357762
390997
399927
401320
402133
407425
413939
421545
422717
426704
435110
435724
438103
442410
447098
467674
472504
484600
502702
519316
521380
529769
531896
543730
547871
554573
555207
572944
580814
593008
593930
629301
629561
759666
