34
215
847
883
1896
2123
2888
3234
4045
4449
4669
4683
5298
6480
8080
9027
9233
9751
9904
10676
11426
12537
12609
14205
14516
14604
14677
16364
16797
17129
17240
18249
18435
19407
20124
20329
20705
21447
21885
22719
24649
26120
26570
28343
28404
30929
32343
33042
33691
35484
37297
38307
38334
39071
39693
41183
41743
43942
44696
45439
46287
47157
48372
48511
49097
49308
51764
53250
53682
53771
54131
55475
55889
56447
57922
59723
59895
62427
62459
63210
63221
63628
64464
64976
65160
65215
65370
65409
69115
69944
72408
73338
73669
77454
79714
80694
82437
82490
83603
83718
85739
88520
89034
89467
90338
92171
93556
94389
94439
96323
96448
96747
97043
100087
104182
104722
104951
106908
106952
107902
108776
109491
110575
110808
111085
115285
117831
118366
120383
138013
140245
147869
151532
159660
166659
168690
169895
173286
173535
175568
175955
177301
177995
186718
191686
202148
205842
215938
219330
222060
224606
229450
236732
237883
243766
255473
259700
264074
293250
297933
306500
310285
310668
313057
329796
331908
341739
346359
356932
371094
387018
387959
395824
397375
448784
459857
463640
500499
525639
539454
543583
547683
550240
559740
562009
566272
568680
596052
603908
643088
643693
649506
679570
702215
708553
729139
746413
754324
768463
775601
