34
552
1006
1253
1992
2763
2845
3863
4534
4683
4778
5563
6900
9340
12438
13032
13054
13821
13838
14550
16797
18435
19825
21795
21893
27517
29019
30247
33099
35653
36388
36617
42017
43180
43379
43494
43798
45628
46873
47015
47183
47451
47973
48214
48441
50001
51628
52595
53262
54578
56662
57473
60503
62077
63500
63694
63757
67542
69481
70590
73173
75748
76463
90697
92544
94784
96518
97816
101511
104832
106012
106289
107414
109375
109835
111344
112126
112465
114945
114984
115917
117441
120286
120383
120422
121488
124402
125402
129554
129703
130507
130872
131340
131542
134398
137333
138069
142140
143518
144416
145227
147869
151269
151791
152362
156535
157442
157986
159952
160139
162370
162887
164832
170065
170644
172625
174393
175343
175859
175863
179093
179847
179989
180544
183011
184929
185028
192447
194803
198702
202882
205370
212084
213797
213822
230056
232809
246910
254887
275801
297035
307780
315148
321627
353256
473949
566864
590178
591053
677328
