34
847
883
2330
2845
3541
4512
4669
4683
5779
6206
6750
6762
7089
7424
8173
10615
11426
14327
14408
14585
14657
16029
16224
16797
18435
18850
18951
22703
23229
23629
23747
24373
24452
25165
26163
26697
26981
27813
27923
29425
29520
30008
31337
34975
36016
36807
38138
39302
40001
40748
40806
41952
41984
42063
43591
43899
44486
45191
45813
46027
46686
46731
47086
47157
47183
48441
48511
49298
49308
49798
51134
51215
52727
56264
58352
58795
58916
61927
62459
63121
63481
63500
63676
63790
64290
71851
71938
71976
73749
74662
75104
75307
78320
81388
83979
86272
86593
87475
89034
89416
90977
91655
92117
94392
94992
95009
95095
96156
97395
97684
99032
103629
104192
104200
104603
106054
107447
107775
109226
109955
109970
110595
110682
110824
111201
111727
111884
112498
113044
113235
113265
113980
117887
118367
118370
119330
124223
127633
130623
142593
150737
157257
160731
161776
166456
169217
170650
171812
173477
175343
175735
175860
179989
183011
200057
204162
206704
210312
226273
229518
231843
233941
239483
240325
261598
275273
292611
310993
315859
316239
325825
346929
347728
355143
357050
377975
397375
402022
438592
452550
453309
472357
472954
481232
499201
526840
534293
587647
596517
618142
638183
649228
653699
671865
672007
681205
714681
725887
751122
