34
883
2602
4268
4683
6072
6774
6900
7089
9651
10594
11139
11294
13659
14585
16141
18903
20329
20686
23203
23808
29019
29409
30247
33038
35730
37948
38346
38888
41053
46873
47442
48441
48511
49502
51900
54691
54923
57364
59332
60028
62280
63121
63419
63574
63635
63874
65433
67697
68089
69106
75950
83715
87130
95495
97554
98564
99258
102384
104578
106498
108776
108803
109028
117507
117650
120539
120934
124857
125312
125448
125562
133009
134229
134419
135456
136864
140744
146451
147632
147923
157252
157891
164074
166819
168565
172907
173535
174420
174950
175446
175735
178261
179577
179989
182342
183011
185737
185739
188633
193449
194338
194533
194983
196465
202824
206606
209302
210677
214640
226808
227257
227542
233934
234720
235714
235837
237236
240796
244023
246509
248731
249542
250066
250604
251349
252255
252292
252440
256833
259729
260771
261855
263182
276270
277834
277915
278632
282293
290040
315009
352128
414340
418225
426305
450873
548219
571101
577500
635678
