34
188
847
883
1355
1368
2139
2174
2534
3471
3593
3670
4362
4528
4669
5361
5371
5460
5955
7089
14584
17215
18435
25176
33773
44848
47157
58061
63552
69321
72253
82893
83460
90191
107213
111951
117200
125406
125448
138052
153732
155453
157448
165469
175568
176116
176284
183011
185743
186929
189550
214933
219863
225886
227107
234825
234992
241188
251619
254425
263687
264794
266344
268837
271956
277371
292058
299033
315970
344379
346763
360264
393336
395152
408080
420279
428075
458468
473601
494781
515266
517176
519561
582445
590311
597858
628000
636015
698368
707481
711487
713562
732007
746247
750428
758023
760460
763235
764923
774139
