34
271
847
1041
1464
1861
3762
3870
3945
4528
4667
4683
4823
7089
8892
16364
17129
17735
18885
21294
30805
47143
58680
62463
70694
73708
81519
100580
105897
111059
111618
118367
134899
144679
169556
169990
187681
193339
199794
208546
215073
222920
232809
234130
248631
256044
269571
274835
280211
292805
299579
301049
308255
317477
327201
348059
362260
370274
390853
394495
400625
412628
427542
429680
446830
492557
494314
505686
517919
521346
532034
533034
537661
543278
545043
551169
559577
568693
578991
591316
594545
601704
604142
611517
634811
639361
649331
655188
664545
667902
676027
686394
702228
704683
708618
710527
719807
730189
733294
761501
