34
2501
5010
6169
6762
7154
7866
8173
8189
8491
10164
10714
11701
13014
14870
16101
16168
18435
20299
20863
22751
23206
24066
29019
29825
39248
39822
43392
43405
44848
46873
46885
47086
47157
48511
48826
51624
61374
61834
62374
62459
64135
66563
72793
81274
92478
97611
99589
99633
102119
102172
103629
107774
107991
109072
111201
118574
122301
124312
124760
125273
126208
127566
128672
128745
129357
129470
130665
131295
131971
135276
136079
137250
139040
142400
148417
153357
154202
155074
157316
158503
165068
165113
166083
167061
167651
169115
170524
172543
173535
175284
176971
178377
184217
193726
200921
201731
202068
205394
205801
205959
206114
210312
213149
213888
214063
217708
226440
227733
228260
228466
228504
229322
230071
231321
231855
232809
233087
238756
243276
245759
247235
252209
256369
259704
263780
264956
265045
273041
274887
278463
278555
282655
290026
299555
309764
321997
432158
437203
458064
471755
472602
568390
641903
656693
713556
751789
763488
763657
769826
