34
4683
18435
18903
19832
20124
21893
33610
40258
41743
44848
46708
46873
47068
47442
51009
52901
60447
65403
67512
75131
88002
96448
97870
114833
117896
120504
123455
124760
126423
127066
136600
151791
152435
170509
173824
185118
194696
200002
210500
211744
212329
212521
220098
247296
251044
251288
252039
256105
257099
265873
278020
278359
279552
287748
303367
312143
320145
321371
329670
346430
353776
357725
364130
387692
392587
398325
407332
413066
416985
419844
432457
433228
437025
441086
473778
495570
503976
506840
519457
532741
555020
562316
580251
582889
584077
590669
591368
594337
603432
614919
635763
636317
636993
662868
664857
667983
676024
698877
699205
