34
728
847
927
1861
1965
2730
2957
3888
4683
5395
6005
6768
6847
7089
7866
8173
9126
9843
11206
12827
12988
13659
14539
14585
15090
15250
16242
16360
16797
17765
17987
18503
19076
19540
20051
20329
21114
21304
23408
23705
23983
24464
24546
25295
27745
30959
31869
33719
36642
36908
37848
38899
41532
42194
42780
45942
46873
47183
47442
47550
47973
48245
48401
48511
48919
52377
52901
56601
59516
60593
60741
63693
63694
63742
63875
64135
64183
64802
65029
65049
65075
65138
65513
66781
68951
69350
69574
69590
70933
74752
75104
76024
83739
83967
86967
87639
91193
91912
92116
93938
96746
97529
97536
97837
98574
101596
101806
102037
102863
104172
105235
106012
106759
108053
108661
109832
110467
110774
111028
112346
112703
112833
114923
114984
117343
118314
119398
119576
119644
119657
119861
120087
120328
120374
120435
121836
121934
122299
122992
124242
124822
125366
125448
130872
136259
139562
142697
149032
157554
157886
165313
167565
174406
178261
179452
183011
194836
196072
203746
203945
205430
205843
206058
221394
226935
230935
234806
237972
244436
248731
256056
258132
297656
303351
303539
321733
322496
338554
380450
383437
407041
414340
416340
425817
438287
443214
468590
516341
541525
555101
577417
597403
644521
651037
676541
712807
733579
740346
761851
