34
2643
3343
4683
4922
6005
6265
7071
7525
8173
9425
9843
11426
11534
12068
12300
16029
17463
18435
20124
24546
26163
27541
30205
33036
35757
42298
43729
43990
46873
48441
48511
49062
57974
58187
62054
63495
64296
65520
68931
69341
71903
72540
74471
81507
86006
91906
92160
94178
94576
94977
97666
98476
101874
104163
104200
105477
105936
107202
107286
107750
108375
112889
116894
118624
119755
119984
120389
123758
127145
128301
128401
129587
130872
132390
134918
135616
136211
136259
136682
140600
142697
143323
146596
150735
153584
155937
157257
160042
161780
163661
165339
166819
167481
168492
171938
172453
174346
176690
183011
184237
184990
186271
187800
187985
188776
188867
189472
190292
192882
198671
198787
199440
201080
201562
202367
204179
204402
205238
205758
206305
209054
209302
210155
210937
214065
215793
216086
216232
216324
216712
224166
227107
236821
240010
252791
255552
299779
300636
338984
363794
393317
403086
411878
601528
615622
625973
633619
696487
765458
