34
648
847
1430
2534
4422
4683
4805
6099
6666
7089
7513
8332
9475
9732
12236
12537
12836
13007
14463
14585
14903
16679
18435
18717
18903
19825
20087
20863
21127
21832
21985
22521
23298
24513
25176
26120
27285
28399
29019
29720
32050
33139
33356
35613
36004
36642
37744
40477
42003
43145
45014
45439
46873
47183
47451
47847
48207
48441
49089
49430
51615
52487
53126
53220
54654
54893
55269
55754
57348
60217
60966
61402
62276
62353
62898
64032
64468
65403
65643
66401
67594
69958
72057
72574
72873
73338
74531
78850
78952
79758
83730
88578
89578
91040
91655
96087
96162
97543
97613
97688
99478
101512
103032
105155
105986
106606
107005
107474
109480
109627
110282
112144
113140
113819
113940
114204
114375
116675
118357
118656
119005
119784
119820
119839
120819
125245
125344
126375
127295
128820
130872
131340
132384
132820
133924
134061
134707
135616
135823
135930
136827
136846
136865
138270
139085
142361
142414
142442
142480
142533
148121
153768
154384
157026
158071
163180
164362
175568
175679
185444
186330
200758
202651
204306
207640
218967
229412
251548
257818
263846
265819
265961
280430
306867
314536
323354
325719
332111
390110
400705
417964
420911
427691
474923
580583
598315
611340
621159
623709
627380
627520
683390
699013
702695
711083
741264
745543
758970
762839
