0 1
0 2
0 3
0 4
5 6
5 7
5 8
9 10
11 12
11 13
11 14
11 15
11 16
11 17
11 18
11 19
11 20
11 21
11 22
11 23
24 25
26 27
28 29
28 30
28 31
28 32
28 33
34 35
34 36
34 37
34 38
34 39
34 40
34 41
34 42
34 43
34 44
34 45
12 46
47 48
47 49
47 50
51 52
51 53
51 54
55 56
55 57
55 58
55 59
55 60
55 61
62 63
62 64
62 65
62 66
62 67
62 68
62 69
70 6
70 71
72 73
72 74
75 76
77 78
77 79
77 80
77 81
77 82
77 48
83 84
83 85
86 87
86 88
89 90
89 91
89 92
89 93
89 94
89 95
89 96
89 97
89 67
98 99
100 101
102 103
102 104
1 76
105 106
105 107
103 108
103 109
103 110
111 112
111 113
111 114
111 115
111 116
111 117
111 118
111 119
111 120
111 121
111 122
111 123
111 124
111 125
111 126
2 127
2 128
2 129
2 130
101 131
101 132
101 133
101 134
101 135
101 136
101 48
101 137
138 82
6 139
6 140
6 141
6 142
6 143
6 144
6 145
6 146
6 147
6 148
6 149
6 150
6 151
6 104
6 152
6 153
6 154
6 155
6 156
6 157
6 158
6 159
6 160
6 161
13 162
13 163
13 164
13 165
13 166
13 167
13 144
13 168
13 169
13 170
13 171
13 172
13 173
13 174
13 175
13 176
13 177
13 178
13 179
13 180
13 181
13 182
13 183
13 184
13 185
13 186
13 187
13 188
13 189
13 190
13 191
13 192
13 193
13 194
13 195
13 196
13 78
13 197
13 198
139 199
139 200
139 201
139 202
203 204
7 205
7 206
7 207
7 208
7 209
7 210
7 211
7 212
7 213
7 214
7 215
7 216
7 217
7 218
7 219
7 220
7 221
7 222
7 223
7 224
7 225
7 226
7 227
7 228
7 229
7 230
7 231
7 232
7 233
7 234
7 235
7 236
7 237
7 238
7 239
7 240
7 241
7 242
7 243
7 244
7 245
7 246
7 247
7 248
7 249
7 250
3 251
3 252
253 254
253 255
253 256
253 257
253 258
251 259
29 260
29 261
29 262
29 263
29 264
29 265
29 266
29 267
29 268
29 269
29 270
29 271
29 272
29 273
29 274
29 275
29 276
29 277
29 278
29 279
29 280
29 30
29 281
29 82
29 282
29 283
29 284
29 285
29 286
29 287
29 288
29 289
29 290
29 291
29 292
29 293
29 294
29 295
29 296
29 297
29 298
29 299
29 300
29 301
29 302
29 303
29 304
29 305
29 306
29 307
29 308
29 309
310 311
310 143
310 312
310 313
310 314
310 315
310 316
310 317
310 318
310 319
320 321
320 322
99 323
99 324
99 325
99 326
99 327
99 328
99 329
99 330
99 331
99 332
99 333
99 334
99 335
99 336
99 337
99 338
99 339
99 340
99 341
99 342
99 343
99 344
99 345
99 346
99 347
99 348
99 349
99 350
99 154
99 351
352 353
352 354
355 356
357 358
359 360
361 362
361 363
361 38
36 364
36 365
36 333
366 367
366 368
369 370
371 372
373 374
132 375
132 376
377 378
377 206
377 379
377 48
380 378
380 381
380 382
380 383
380 384
385 386
85 387
85 121
85 388
85 389
390 391
323 392
323 393
323 394
323 395
396 397
396 206
396 175
398 399
400 401
402 153
8 403
404 405
406 407
406 408
406 409
410 411
191 412
191 413
191 414
191 415
191 416
191 417
191 418
191 419
191 420
191 421
191 422
423 424
423 425
423 426
423 427
428 429
428 430
409 407
409 386
431 432
431 224
431 259
431 433
90 255
90 434
90 435
90 436
90 437
90 438
90 179
90 439
90 440
90 441
90 442
90 443
90 444
90 445
90 446
90 447
90 448
90 449
90 450
90 451
90 452
90 453
90 454
90 455
90 456
90 457
90 458
90 459
90 460
90 461
90 462
463 424
463 464
463 465
466 467
468 469
468 470
468 471
468 472
468 473
468 474
468 321
468 475
468 476
468 477
468 478
468 479
468 480
468 481
468 188
468 482
468 483
468 346
468 484
485 486
485 487
485 488
485 489
485 490
485 491
378 492
378 493
378 494
378 495
378 496
378 497
378 498
378 499
378 207
378 500
378 501
378 502
378 122
378 503
378 504
378 505
378 506
378 507
378 508
378 509
378 510
378 511
378 512
378 513
378 514
378 515
378 516
378 517
378 518
378 519
378 520
378 521
378 522
523 524
525 526
527 528
529 530
531 532
533 534
533 535
533 536
533 537
533 538
533 539
533 540
533 541
533 542
533 543
533 544
533 545
546 547
546 548
546 549
546 550
546 551
546 552
546 245
546 553
546 554
555 556
555 557
555 558
10 559
10 560
10 561
10 562
10 563
10 564
10 565
10 566
10 567
10 568
10 152
10 569
10 240
10 570
10 571
572 573
572 574
572 575
572 130
572 576
577 578
577 579
577 580
577 581
577 582
577 556
577 583
577 584
577 585
577 586
577 587
577 218
577 588
577 589
577 590
577 591
577 592
577 593
255 258
255 594
255 595
255 592
596 597
596 598
596 551
596 599
600 601
602 603
602 604
605 606
605 585
605 291
607 584
607 608
609 610
609 611
609 551
609 142
609 612
609 613
609 614
609 541
609 615
609 616
551 617
551 618
551 619
551 60
551 620
551 621
551 622
551 623
551 624
551 625
551 626
551 627
551 628
551 629
630 556
630 631
630 632
633 634
633 635
633 636
633 637
633 638
633 639
633 640
641 642
641 643
641 37
641 595
641 644
641 645
641 646
641 647
641 57
641 648
641 649
641 650
641 651
641 652
641 653
641 654
641 655
641 656
641 657
641 658
641 659
641 660
641 661
641 662
641 663
641 664
641 665
641 666
641 667
641 668
641 669
641 670
641 671
641 672
641 673
134 674
675 560
675 676
675 677
675 678
675 679
675 680
675 681
675 326
675 682
683 684
685 686
685 687
685 688
685 689
685 690
685 691
685 692
685 693
685 694
695 696
695 697
695 698
695 256
695 699
695 700
701 702
703 704
703 705
703 110
703 706
707 708
707 709
707 710
707 711
707 712
707 713
707 714
707 715
707 716
707 717
707 252
581 612
581 636
581 718
581 719
91 720
91 721
91 722
91 57
723 724
723 725
723 726
723 727
723 728
723 160
729 730
729 143
729 731
729 732
729 733
729 130
729 734
729 735
729 736
737 738
739 740
739 741
739 742
739 743
739 744
739 745
142 746
142 560
142 747
142 553
142 748
142 749
143 750
143 751
752 753
752 754
752 755
756 757
756 758
756 759
756 760
756 761
756 133
756 762
756 763
756 764
756 673
756 765
206 766
206 767
206 768
206 84
206 769
770 771
772 773
772 774
772 775
776 777
200 778
200 779
200 780
200 781
200 720
200 121
200 782
200 783
200 784
144 785
144 786
144 14
144 173
144 787
144 788
144 789
144 790
144 791
144 792
144 793
144 794
144 795
144 796
144 797
144 798
144 799
144 800
144 801
144 802
144 803
144 804
144 805
144 806
144 807
144 808
144 809
144 810
144 811
144 812
144 813
144 814
144 815
816 817
816 104
816 258
816 818
816 819
816 820
816 821
816 822
816 823
816 824
825 826
720 231
827 828
702 829
702 830
702 568
702 831
702 832
702 833
702 834
702 835
702 836
702 837
702 644
702 838
702 839
702 840
702 841
702 842
702 843
702 844
702 845
702 846
14 847
14 848
14 849
14 850
14 851
556 852
556 240
556 853
556 854
556 154
556 855
556 856
556 857
556 219
556 561
556 858
556 859
556 860
556 554
753 861
753 862
753 863
753 492
753 864
753 865
753 866
753 867
753 868
753 639
753 869
870 479
870 871
870 872
870 873
870 874
870 875
870 876
877 878
877 879
877 880
877 881
877 882
877 883
877 884
877 885
877 886
877 887
877 569
877 888
552 536
552 837
552 146
552 867
552 218
552 889
552 890
891 892
891 893
891 829
891 635
891 894
891 895
891 896
891 897
891 898
891 899
256 595
256 900
256 901
256 902
256 903
256 543
563 904
563 905
563 580
563 906
563 907
563 908
563 585
563 554
909 910
909 911
909 912
909 913
914 915
916 905
916 917
207 918
207 919
207 920
207 921
854 595
854 889
922 923
922 924
922 925
922 926
927 915
927 928
927 929
901 37
901 930
901 931
901 71
901 932
901 933
901 934
935 936
935 937
935 585
935 689
935 617
938 939
938 185
938 940
938 941
938 942
938 943
938 944
938 945
938 946
938 947
938 948
687 547
687 837
687 949
687 582
687 950
566 951
566 919
566 952
566 860
145 56
145 953
145 954
955 956
955 957
146 906
146 478
146 867
146 958
146 959
146 960
146 961
146 962
963 964
963 965
963 966
71 967
71 968
71 969
71 970
971 972
971 973
16 974
16 975
976 977
976 978
976 979
976 980
976 981
976 982
976 983
976 984
976 985
976 986
539 855
539 987
539 988
539 989
43 990
991 992
991 993
994 995
994 996
994 997
994 998
994 999
994 1000
994 1001
994 1002
994 1003
994 1004
994 1005
994 1006
994 1007
994 1008
994 1009
1010 1011
1012 1013
1012 1014
1015 1016
1015 832
17 1017
17 1018
17 1019
17 1020
17 1021
1022 1023
1024 1025
1024 995
1024 1026
1024 1027
1024 159
1024 1028
1029 1030
1029 1031
1029 1032
1029 589
1029 1033
1029 1034
1035 1036
18 1037
1038 631
1039 1040
1041 1042
1043 889
1043 1044
584 689
584 1045
584 1046
913 1047
147 1048
147 1049
19 1050
19 1051
19 1052
19 475
19 1053
19 1054
19 1055
1056 1057
1056 1058
1056 1059
1056 1060
568 1061
568 790
540 1062
540 894
540 1063
1064 1065
1066 1067
1068 1069
1070 328
1070 1071
1072 1073
1072 1074
1075 1076
1075 1077
1075 1078
1075 1079
1075 1080
1075 1081
1075 1082
1075 1083
1075 1084
1075 1085
1075 1086
1075 1087
1075 1088
1075 1089
928 1090
928 560
928 1091
928 1092
928 1093
928 1094
928 1095
928 1096
928 1097
928 1098
928 1099
928 1100
1101 1102
1101 1103
1101 1104
1105 1106
1105 1107
585 1108
585 1109
585 1110
585 907
585 1111
585 541
585 644
585 1112
1113 1114
1115 1116
1115 1117
1115 1118
1115 1119
1115 1120
1121 1122
1123 1124
1125 1126
1125 284
1127 1128
1129 1130
1129 1131
1129 1132
1129 1133
1129 1134
1129 1135
1129 1136
1129 1137
1138 1139
1138 1140
1141 1142
1143 621
1065 1144
1065 1145
1065 1146
122 1147
122 1148
122 521
1149 1150
1151 1152
787 1153
1154 903
1155 1156
1157 1158
209 1159
209 1160
688 237
1161 33
1161 1162
1163 1164
1163 549
503 311
503 1165
503 1166
503 1167
503 1168
503 1169
503 1170
1171 1172
1173 1174
1173 1175
1173 1176
1177 1178
1177 1179
1177 1180
1177 1181
640 1182
640 1183
1103 1184
1185 1186
1185 1187
125 1188
125 1189
1190 1191
1190 1192
1190 1079
1190 1193
1194 1195
1194 1196
1194 1197
276 1198
1199 1200
1199 1201
1199 1202
1199 1203
1204 1205
1204 1206
1204 1207
1204 1208
1204 1209
1204 1210
1204 1211
1204 1212
1204 1213
22 1214
1215 1216
1217 1218
1217 1219
1217 1220
1217 1221
1217 1222
1223 1224
1223 1225
788 1226
1227 64
1227 1228
1189 1229
1189 1230
1189 1231
1189 1232
1233 1234
915 1235
915 1236
915 1237
915 1238
915 1239
915 1240
915 1241
915 1242
1243 1244
1245 1246
1245 1247
1245 1248
1245 1249
1245 1250
179 1251
179 1175
1252 1253
1254 1255
1254 1256
1254 1257
1254 1258
1254 1259
1144 1260
1144 1261
1144 1262
1144 1263
1144 1264
1144 1265
1144 1124
1266 1267
1268 180
1268 1269
1270 1271
1272 1273
1272 1274
1272 1275
1272 599
1272 1276
1277 1278
1277 1279
1277 1280
1277 1281
1277 1282
1283 1284
1283 674
1119 1285
1119 475
1119 1286
1287 1288
1287 1289
1287 479
1287 1290
1287 808
1291 1292
1293 30
1293 1294
1293 1295
1293 1296
1120 1297
1120 461
1298 1299
1298 1300
1298 1301
1302 1303
1302 1304
1302 1305
1302 1306
1302 1307
1302 1308
1302 48
1302 1309
1302 1310
1302 1311
1302 1312
504 1313
1314 1315
1314 1316
1314 728
1314 1317
1318 1319
1320 1321
1320 1322
1323 1324
1323 1325
1323 1326
1327 1328
1329 1330
1329 1331
1332 1333
1332 1334
1335 1336
1335 1337
1338 1339
1340 1341
1342 1187
1343 1344
1343 1345
1343 1346
1343 1347
1348 1349
1348 1350
1202 1351
1352 1353
1352 1354
1355 1356
1355 1357
1355 1358
1359 1360
1186 1361
1186 1362
1186 1363
1186 1364
1186 1365
1186 1366
1186 1367
1104 1368
1369 1370
1369 1371
1369 1372
1369 1373
1369 1089
1374 1375
1376 1377
1376 1378
1047 1379
1380 1381
1378 1382
1378 1383
1384 1385
1089 1256
1386 1118
1386 1387
23 1388
23 1389
1390 1391
1392 1393
1394 1395
1394 1365
1394 1396
1394 1397
1398 1399
1400 1401
1400 1402
1400 1403
1400 1404
1400 1405
1406 1407
1408 1409
1410 1411
1412 1413
1412 1414
1412 135
863 56
863 1415
863 1416
863 1417
863 1418
1419 1420
1419 1421
1422 1423
1422 1424
1425 1426
1425 1427
1425 1428
1425 1429
1430 1431
767 1432
767 1433
30 1434
30 1435
30 1436
30 1437
30 1438
1439 1440
1439 1441
1439 1442
1443 290
1443 1444
1443 1445
1443 1076
1443 1446
1447 1448
1441 1449
1441 1450
1441 1451
1452 1453
1452 1454
1455 1456
32 847
1434 1457
1458 506
1458 1459
1295 1438
1460 1461
1462 1463
1464 1465
1464 1466
1435 1437
37 560
37 1467
37 1468
37 1469
37 1470
37 219
37 1471
837 1472
837 1473
837 1474
949 1475
1476 1477
1476 1478
1479 1480
1479 376
580 579
580 1481
595 1482
595 149
595 56
595 975
1110 1100
1110 1483
1484 1485
1484 1486
1484 1487
1484 1488
1484 1489
1484 1490
1484 1491
1484 1492
537 559
537 237
537 1493
906 1494
906 1495
951 1496
951 1497
1498 1499
1498 1500
1498 1501
1498 1502
1498 1060
1498 1503
1498 1504
1498 1505
1498 1506
1498 1507
1498 1508
1498 1509
1498 1510
1498 1511
1498 1512
1498 1513
1498 1514
1498 1515
1498 1516
1498 1517
1498 237
1498 1518
1498 1519
1498 1520
149 1521
149 1522
149 1523
149 1524
149 1525
1526 1527
1526 1528
1526 1500
1526 1529
1526 1530
1526 1531
1526 1532
1526 1533
1526 1534
1526 1535
1526 1536
1537 1538
1537 1539
1537 1540
1537 1501
1537 1541
1537 1542
1537 1543
1544 1545
1544 1431
150 1546
150 1547
1548 217
1548 1549
1548 1550
1548 1145
1551 1552
1551 1553
1551 1554
1551 689
1551 1555
1556 1014
1556 130
1556 1557
1556 1558
1556 1559
1556 1560
1556 1561
1556 1562
1556 1563
635 1564
635 1565
1566 1567
1566 1568
1569 1570
1569 1571
1569 1536
1569 1572
1569 1573
1569 1505
1569 1574
1569 1510
1569 237
1569 1575
1569 1576
1569 1577
1569 1578
56 1579
56 1580
56 1581
56 1582
56 755
133 1583
133 1584
258 1585
258 1586
258 1587
258 1588
258 1235
258 545
1589 1109
1589 1590
889 1591
889 1592
889 1593
1152 1594
1152 1595
1152 1596
1152 299
1152 1597
541 1524
541 1475
790 1598
790 1599
790 1600
644 1601
1602 1603
1602 1604
1602 1605
1606 853
1607 1608
1607 1609
1610 1611
1612 1613
950 1614
1615 1616
1615 1617
1618 614
1619 1620
1619 1006
1619 1621
1619 1058
1619 1622
1619 1623
1619 1624
1619 1625
1619 1626
1619 1627
1619 1628
1629 1630
1629 1631
39 1632
39 1633
39 1634
1635 1636
1635 700
1635 894
746 696
746 1637
746 1638
1639 1640
1639 554
1641 1642
559 616
1643 1644
1643 1645
1643 1646
1643 1257
1643 1647
1643 1648
1643 1319
1643 1649
1643 1650
1016 1651
1016 905
1016 1652
1016 1653
1654 1655
1654 726
41 1656
41 169
1093 1657
1658 1659
135 1660
135 1661
135 1662
135 1663
135 58
1664 1665
1633 1666
1633 1667
1633 1668
1669 1670
1671 1672
1673 1674
582 1675
582 835
919 624
919 1676
919 1677
919 1678
919 1679
919 1680
919 1681
919 1682
919 1683
919 857
919 1684
919 1685
919 1686
151 1687
151 1688
151 1689
151 1690
151 1691
151 1692
151 1693
151 1694
1695 1696
1695 1697
1698 1699
1700 1701
1700 778
1700 1702
1700 1703
1700 437
1700 1028
1704 1705
646 1706
646 1707
646 1708
1045 1709
1045 1710
1045 1711
1712 1713
1712 1714
1712 1715
1712 1716
1717 1718
1719 1720
1719 1721
1722 1723
1721 1724
1721 1725
1726 1727
1726 1728
1726 1729
1730 1718
1731 1732
1733 1734
1733 1735
1736 1737
1736 1738
1736 1739
1736 1273
1736 1740
1736 1741
1736 1742
1743 1744
1743 1745
1746 1747
1748 1749
1284 1750
1284 1751
1284 1752
1284 754
1284 1753
1284 1754
1755 1756
1428 437
1428 557
1428 1757
1428 1758
1759 1760
1547 1761
1547 1762
1547 1763
1547 880
1764 1765
1764 1766
1764 1767
1768 1769
104 1770
1771 1772
1771 1773
1771 1774
1775 1776
1777 1778
975 1779
975 1780
975 1781
975 1782
975 1783
975 1784
975 1785
975 237
975 734
975 1786
975 1787
975 988
1788 1789
1788 1790
1791 1792
48 1216
48 1793
1794 1795
1796 1006
1796 1797
1796 1798
1237 1799
1237 1800
1801 1802
1803 1804
530 1805
1805 1806
1807 1808
1807 1809
1807 1810
1807 1811
57 1812
1813 1413
1814 1815
1814 1816
1817 432
1818 315
59 1819
130 1820
130 1821
130 1822
1823 1824
1825 1826
1827 60
314 1815
314 1828
82 1829
82 1830
82 1831
82 1263
82 1832
82 1833
82 1834
82 1835
82 1836
82 1837
1838 1839
1838 1840
1838 1841
1838 1842
107 1843
1844 1845
1846 755
1847 1848
1847 1849
1847 1381
1850 1851
1852 1853
1815 1854
1855 1856
1855 1857
1858 481
1859 1860
1861 1862
1708 1863
1651 438
1651 1864
1651 1865
1651 784
1682 1866
1682 1867
1682 1868
1682 704
1869 1381
1870 1871
66 1872
66 1873
66 1874
1875 1876
224 1877
224 1878
224 1879
224 1880
1881 1882
1881 1883
1881 1884
1885 1234
259 1886
1887 1888
1887 1889
1890 1891
1890 1892
1893 1894
1893 1895
1893 1896
1897 1898
1897 1899
374 1900
374 1901
374 1902
1903 1904
1905 1906
1907 1908
152 156
152 1909
152 1910
1911 1912
1913 63
1913 1914
1915 1916
68 1917
68 1918
1919 1894
1920 1921
1922 1923
1922 1924
1922 1925
1454 1926
1454 1927
1454 1928
1454 1929
1930 1931
1930 1932
1930 1933
1930 1934
1930 1935
1936 1937
1837 1938
1837 1401
1837 413
1837 1939
1837 124
1837 1940
1837 1941
1837 1942
1894 1943
1894 526
1894 1944
1894 1945
1894 1946
1894 1947
1894 1948
1401 381
1401 1949
64 1910
1950 1951
413 1834
413 1952
413 1953
1954 1953
1353 1942
1353 1770
1955 63
1955 1956
1955 1957
1958 1959
1960 1961
1960 1962
1926 1963
1943 1964
1943 1965
63 818
63 1966
1967 1968
1967 1117
1967 1969
1967 1970
424 1971
1972 1973
1972 469
1972 1974
1972 1330
1975 1970
1976 1977
1959 1978
1959 1979
1944 1980
622 1981
622 628
1109 852
1109 1031
1109 1982
1983 1984
1983 859
1983 550
1985 1986
1985 1549
1987 1988
1987 478
1620 1989
1620 1499
1620 1026
1620 984
1620 1530
1620 1990
1031 1991
1031 1992
1031 1993
1031 592
1031 1994
1995 1996
1995 547
1995 1997
1995 1998
1995 985
1995 1999
1995 700
560 2000
560 2001
560 2002
560 2003
560 734
560 2004
560 2005
560 1097
560 2006
560 2007
560 2008
560 2009
2010 2011
2010 2012
2010 2013
1074 2014
1074 2015
2016 2017
2016 2018
2016 2019
2016 2020
747 2021
747 2022
747 958
747 2023
747 2024
747 554
747 2025
747 1124
2026 2027
2026 2028
2026 599
604 2029
604 2030
905 1058
905 1636
905 2031
905 1997
905 2032
905 2033
905 2034
905 2035
905 2036
905 2037
905 2038
905 240
905 2039
905 2040
905 628
905 2041
905 2042
905 2043
1909 2044
2045 2046
2047 2048
2047 2049
339 2050
2051 2052
2051 2053
2051 2054
2051 1128
2051 2055
2051 2056
2051 2057
2051 281
2051 2058
2051 2059
2051 2060
2051 2061
2062 245
2063 2064
2065 811
2065 813
2065 2066
2067 2068
2069 2070
76 110
76 2071
2072 2073
2074 2075
2076 2077
2078 893
2078 2079
2078 2080
2078 2081
2082 2083
2082 2084
2082 344
2082 394
2082 2085
2086 1872
2086 2087
2086 2088
2086 2089
1216 273
1216 2090
120 2091
120 1116
120 2092
120 2093
120 299
120 2094
120 2095
2096 2097
2098 2099
2100 2101
2100 2102
2100 2103
2104 2105
2106 165
2106 2107
2106 2108
1872 2109
78 2110
78 2111
78 2112
78 2113
78 2114
78 2115
78 2116
78 2117
1297 2118
1297 2119
2120 2121
1688 1750
1688 92
1688 2122
1116 2123
1116 2124
1116 2125
1116 2122
1116 878
1116 2126
1116 1405
2127 2128
2050 364
84 2129
340 2130
2131 2132
204 2133
204 2085
2134 2135
2136 2137
79 2138
475 114
475 2139
475 2140
2141 344
2142 2143
2142 895
2142 2144
2142 1234
2142 2145
2142 2146
2147 2105
2148 2089
2149 2150
2149 394
2151 2152
2151 2153
2154 2155
2156 2157
388 2158
386 2159
386 2160
488 2161
426 2162
2163 2164
509 2165
509 2166
2167 2168
2169 2170
1069 2171
2172 2173
2172 2174
2172 2175
2172 1126
2172 1256
2172 2176
2177 2178
2177 2179
464 2180
464 2181
2182 2183
2182 2184
2182 2185
2186 2187
1290 2188
1290 2189
1051 2190
1051 2191
1051 2192
1051 2193
1051 2194
1051 2195
1051 2196
1051 2197
1051 2198
2199 2200
811 2201
811 2202
811 193
811 2203
811 2204
811 2205
811 2206
811 2207
2208 2209
2208 2210
2211 2212
443 2213
443 2214
443 2215
343 1750
2216 2217
93 2218
93 2219
481 2220
2221 2222
2221 2223
1021 2224
1021 2225
1021 284
1021 2226
1021 2227
1021 2228
1021 2229
1083 2230
1083 2178
2231 2232
2233 2234
2235 2236
2235 2237
2235 2238
2235 2239
2240 2241
2240 2242
2240 2243
2244 1176
2244 895
2244 2245
2244 2246
2244 2247
2244 2248
2244 1644
2249 2250
2249 2251
2249 2252
2253 2254
2255 655
2255 2256
2257 2258
96 2259
96 2260
96 2261
96 2262
2263 2264
2265 2245
2265 2266
2267 2268
2269 2270
2271 2272
2271 2273
2271 2274
2271 2275
2276 575
2277 2278
2279 2280
2279 2281
2282 167
2283 2284
2283 1381
2285 2286
2287 1934
2288 2289
2290 2291
471 2292
471 1174
471 2293
471 2294
471 2150
471 2295
2296 2297
2298 2299
2300 2301
237 2302
237 2002
237 2303
237 2304
237 1530
237 1820
237 2305
237 2306
2307 2308
2307 2309
2310 2113
2310 2311
2310 2312
2310 2313
2314 2315
2316 2317
2318 2319
153 429
2320 2042
2321 2322
2323 2324
2323 2325
2326 2327
2328 2329
2330 2331
2330 2332
2333 2334
2333 2335
2336 2337
2338 2339
1063 2331
1063 616
569 2340
569 978
569 979
569 2341
569 692
569 1009
569 2342
240 534
240 2343
240 689
240 894
2344 2345
2346 2347
2346 2348
2346 2349
2346 1344
2346 2350
2346 868
2346 2351
2346 2352
1542 2331
1542 2353
1542 2354
110 2042
110 2355
2356 2357
2356 2358
2356 2359
2356 2360
2361 2362
859 2363
859 615
2360 2364
2360 2365
2360 2366
2360 2367
2368 2369
2370 2371
243 2372
2373 2374
2375 2376
2375 2377
2375 2378
2375 1668
2375 2379
2375 2380
2375 2381
2382 2383
252 2384
1644 2385
1644 591
1644 2386
2387 1146
123 2388
123 1597
123 2383
123 1192
123 2389
123 693
123 2390
2391 1168
2391 2392
2391 1211
2391 2393
2391 2394
1350 2395
1350 2396
2397 2398
2397 2399
2397 2400
137 2401
137 1145
137 2402
137 2403
2404 2405
2404 1250
2406 2407
2408 2409
347 2410
2411 2412
2413 2414
1124 1139
2415 2416
2415 2417
2418 2419
2418 2420
2421 2422
2421 1594
2421 2423
2424 2425
2424 2426
2085 2258
2427 2428
2429 2430
2429 2431
2429 2432
2429 2433
2429 2434
2429 2435
2429 2436
2437 2438
2437 2439
2437 730
2437 2440
2437 2441
2437 2442
2437 2443
2437 2444
2437 2445
2437 2446
513 2447
513 2448
513 2449
2450 2451
1938 2452
1938 1701
2453 2454
2455 2456
2457 2458
2457 2459
112 2460
1361 2461
1361 2462
1361 876
1361 2463
1361 1391
1361 2464
1361 2465
1361 2466
2467 2468
2224 2469
2470 2471
2470 2390
2472 1139
2473 2474
1973 2475
1973 2476
1973 2200
1973 2477
2478 2479
2480 2481
2482 2483
1706 2484
1706 2485
1706 2486
2487 115
2487 2488
2489 293
2383 1117
2490 1192
2491 1192
771 2492
771 2493
771 2494
2495 2496
2376 2497
2376 2101
2498 2499
2500 2079
2500 2501
2500 2502
2500 1381
2101 1668
2101 1192
2089 2503
114 2504
1939 2505
2506 785
2506 2507
1594 2508
1594 2509
2510 2511
2512 338
2513 1668
2513 1667
1192 2514
2150 2515
2516 496
2517 2518
2517 2519
2520 2521
528 2522
2523 2524
2523 2525
394 2526
394 2527
2456 2394
2456 1402
2456 2528
2456 2469
2456 2529
2456 2530
2456 2531
2159 2532
2533 2534
2533 1118
2533 2535
2536 2537
2536 2538
2536 1234
2536 2539
2536 2540
2541 270
2542 295
2542 2543
2544 2165
2544 2545
2544 2546
1971 2547
2548 2549
2550 2551
2552 2553
2554 2555
2554 1366
1176 2556
1176 2557
1522 2558
381 1206
381 2559
2560 2561
2560 2392
2562 2563
2564 2565
197 2566
2567 2568
2567 2569
1251 2227
2570 2571
2572 2573
124 2574
2575 2576
2577 2578
1889 2579
2580 2581
2582 2583
2584 2585
1609 2586
2587 2588
2589 2590
2579 1888
2591 2592
2593 2594
2595 2596
2597 2598
2599 2600
154 2601
154 2602
2603 2604
2605 2606
1446 2607
2608 2609
2608 2610
2608 2611
2612 2613
2614 2615
2616 2617
2616 2618
1774 2619
1774 2620
1774 2621
1774 2622
2623 2624
2623 2625
2626 2627
2626 2628
1765 2629
1765 2630
1765 2631
2632 2633
2632 2634
2632 2635
2632 2636
2632 2528
2637 2638
2637 2639
2637 140
2637 2640
699 2641
2259 2642
2643 895
2644 1229
1117 1365
2645 2646
2477 2647
2648 2649
2650 2651
2650 2652
2650 2653
2650 2654
1680 2655
2656 2657
2656 2658
628 2659
628 2660
587 615
2661 2662
2661 2663
2661 2664
2661 1097
2661 2665
2661 2666
1723 2667
1723 2668
1723 1365
1723 2669
1723 2670
2671 829
2672 2673
2672 2674
2672 2675
2672 2676
2672 1470
896 2677
896 2678
896 2679
2680 659
2680 2681
245 2682
245 2683
245 1473
245 832
2684 2685
2684 2686
2684 2687
2684 2688
2684 2689
2690 2691
2690 2692
1821 1001
1821 2693
1821 2694
1821 2695
1821 1003
1821 2696
1821 2697
1821 2698
1821 2699
1821 2700
1821 2701
2702 2703
2702 1006
2702 1603
2702 2704
2702 2705
2702 2706
2702 2707
2702 2708
2702 2709
2710 2711
2710 2712
2710 2713
2710 2714
2710 1529
2710 2715
2710 2716
2710 2717
2710 2718
2710 2719
2710 2720
2710 2721
2710 1534
2722 2723
2722 1009
2722 2724
2722 2725
2722 2726
2722 215
2722 1550
2722 2102
2722 2009
1009 634
1009 2724
1009 2303
1009 980
1009 2727
1009 2728
639 2729
639 636
639 2730
2731 2732
2731 829
2733 1122
2734 2735
2736 2737
2738 2739
2738 2740
2741 2742
2741 2743
2741 2744
301 2745
301 2746
599 2747
599 2748
599 2749
599 2331
599 2750
599 2751
599 2752
2753 2754
2753 2755
2753 2756
2753 2757
2753 2758
2245 2759
2245 2760
1649 2761
1649 1570
1263 2762
1263 2763
1263 2764
1263 2765
2766 2767
2766 2768
2769 2770
1534 2771
1534 2772
1534 2773
2774 2775
2774 2776
2777 2778
2777 2779
2777 897
2777 2780
2777 2781
2351 193
2351 2782
2351 2783
2351 2784
2785 2786
2787 2788
2787 2789
1523 2790
2042 2791
2042 2792
2042 2793
2042 2794
2042 2795
1910 2796
1910 2797
1910 2798
2799 2800
2799 847
2799 2801
2799 2802
2799 2803
246 2804
2805 2806
2807 2808
2807 2809
2807 2810
2807 2811
672 1563
673 2812
673 2813
673 2814
2815 2816
2815 2817
2818 2819
2818 2820
2818 2821
2822 2275
2822 2823
986 2824
986 2825
986 1501
986 1027
986 2826
986 2827
986 1028
2828 2829
2828 2830
2828 2831
2828 2832
2828 2833
2828 2834
2828 2835
2828 2836
2837 2838
2839 2840
2839 2841
2839 2842
2839 2843
2844 2845
2846 2847
2848 567
2849 2850
2849 311
2851 755
1405 2852
1405 2853
1405 2854
1405 1226
1405 2855
1405 2823
1405 2856
1405 2857
2858 2859
2858 2178
2858 2860
2858 2861
2862 2863
2862 2864
629 693
2865 2038
2866 2867
815 992
815 2868
815 2869
815 2870
2871 205
2872 2873
2872 2874
2875 2876
2875 2877
860 2878
897 2879
897 2880
897 2881
897 325
2882 2883
2882 2884
2885 2886
2887 2888
2887 2889
2887 2890
2887 1028
2891 2892
2893 2894
2893 233
2893 2895
2893 2896
2893 2102
2897 2898
2897 2899
2897 2900
2897 2901
158 2902
2903 2904
2905 2750
2906 2907
247 2908
247 2909
247 2910
2911 2912
2911 2913
2911 2914
2911 2915
2916 2917
1568 2918
1145 2919
1145 2920
1145 2921
1145 2922
1234 2923
1234 2924
1234 2925
1234 2926
2927 2812
2927 2928
248 2929
248 2930
248 2931
248 2932
248 2933
2934 2935
2934 2936
2934 2937
2934 2938
2934 161
2934 857
857 1516
857 2939
857 2940
2155 2941
2155 2942
2943 2944
2945 2946
2947 2948
2949 2950
2949 2951
2949 1531
2952 992
2953 2954
2286 2955
2286 2956
159 2957
159 2715
2958 2959
570 615
2960 2681
2960 2961
2960 2962
2963 2964
1685 2965
1312 2365
1312 2966
1312 2967
1836 507
1222 2968
1222 2969
1222 2970
1222 2971
161 2972
161 2973
161 1100
2974 2975
2974 2976
2974 2977
1925 2978
1925 2979
1925 2980
2981 2982
2983 2984
2983 2985
2986 2987
2988 2989
785 2990
785 2991
2992 2993
2994 2995
2996 2997
205 2998
205 2999
3000 3001
3000 3002
2767 3003
3004 173
3004 3005
3004 3006
3007 3008
3009 1701
3010 3011
3012 3013
3012 3014
2874 3015
2874 1165
3016 3017
2157 3018
3019 3020
3021 3022
3021 3023
270 2183
270 3024
1090 3025
2225 3026
3027 3028
3029 3030
3029 3031
3029 3032
3029 3033
141 3034
141 3035
141 3036
3037 3038
3039 3040
148 3041
3042 3043
3042 3044
3045 3046
3047 3048
3047 3049
3050 3051
3052 3053
3054 3055
3054 968
3056 3057
3056 3058
3056 3059
829 3060
829 3061
829 3062
829 858
829 3063
829 3064
829 3065
829 3066
1482 836
3067 3068
3069 1044
3069 3070
162 3071
3072 3073
3074 3075
3074 3076
3074 3077
3074 2114
2997 3078
2997 3079
3080 2810
3081 3082
3083 3084
2392 3085
1652 925
164 3086
164 3087
3088 3089
3088 3090
1402 3091
1402 1366
1402 3092
1402 3093
1402 626
1402 3094
2068 3095
2068 3096
2068 3097
2068 1829
3098 2398
3099 438
1050 3100
1050 2995
1050 3101
1050 3102
1050 3103
1050 3104
3105 2183
3106 3107
3106 3108
1645 3109
1645 3110
1645 1008
3111 3112
3111 3113
3111 3114
3111 3115
3111 3116
3117 3118
3119 3120
3119 3094
324 1345
324 3121
324 3122
324 3123
324 3124
324 3125
324 3126
324 3127
324 3128
324 3129
324 3130
324 3131
3132 3133
3132 3134
3135 3136
3135 3137
3138 3139
3138 3140
3138 3141
3138 3142
3143 3144
1365 3145
1365 3146
1365 3147
1365 3148
1365 3149
1365 3150
3151 3152
3153 3154
3153 3155
3153 436
165 3156
165 3157
166 1071
3158 3159
3158 3160
900 3161
3162 3163
3162 3164
3165 3166
1382 3167
1382 3168
1382 2901
3169 3170
3169 3171
3172 3173
2683 3174
3175 3176
557 3177
557 3178
2879 3179
1328 3180
1328 3181
1328 2227
1328 2396
1328 3182
1328 3183
1328 3184
3185 674
1681 3186
3187 3188
3187 1999
2025 3189
2025 908
3190 3191
3190 3192
3190 3193
3190 3194
3195 3196
3197 3198
3199 3200
2053 3073
3201 3202
3201 3203
3201 3204
3201 1044
3205 847
1019 3206
1019 2160
3207 3208
3207 3209
3207 755
3210 3211
435 3212
3213 3214
3215 3216
3215 3217
3218 882
1196 3219
3161 3220
3161 3221
3222 1108
3222 3223
3224 3225
3226 2739
2071 3227
2071 3228
1375 3229
1375 2093
1375 3230
1793 3231
1793 330
1793 3232
1793 1929
1793 1373
1793 626
1793 3233
1793 3234
3235 3236
3235 2739
3237 677
3238 876
3238 3239
3240 3241
3242 3243
3244 3245
3246 1260
1044 3247
1044 3248
1044 3249
1044 3250
1044 3251
1044 3252
1044 3253
3254 3255
3256 3257
3258 2639
3258 2619
3258 3259
436 3260
436 3261
436 3262
436 3263
436 3264
3092 3265
3092 3266
3267 2394
3267 3268
3241 3269
1261 3270
1261 3230
1964 3271
1964 3272
3273 3274
3273 3275
3273 819
3273 3276
3277 3278
3277 3157
2514 3279
2514 3280
171 441
1657 3281
3282 454
3282 3283
2200 3284
1344 3285
437 3286
437 3283
1174 2444
1174 2600
1174 1358
3287 3288
3287 3289
3287 3290
172 3291
3292 3293
3294 3295
3296 3082
3108 3297
3298 754
3299 3300
3299 3079
3299 3301
3299 3302
3299 3303
3299 3304
3305 3306
3307 3308
3309 3310
3311 3312
3313 3314
3315 3316
3315 3317
3318 3319
3318 3320
3321 3322
3321 3323
3321 3324
3321 3325
3321 3326
3321 3327
3321 3328
3321 3329
3321 3330
3321 3331
3321 3332
3321 3333
3321 3334
3321 3335
3321 3336
819 3337
819 3338
3339 3340
438 3341
438 3342
438 3343
438 3344
3345 3346
3347 3348
3349 3350
3349 482
3351 3352
3353 333
3157 3354
3157 325
3355 3356
3355 2809
3357 833
3357 3358
1319 3359
1319 3360
3361 291
3362 3363
3364 3365
3364 3366
3367 3368
3367 3369
3367 3370
3367 2810
3367 3371
3372 3373
3372 2484
3374 3375
3376 3377
3376 3378
3379 3380
2740 3381
2740 3382
2740 3383
3384 3385
3386 3387
3386 3388
3386 3389
3386 1878
3390 3391
1934 3392
175 3393
175 3394
176 3395
176 3396
3397 3398
3399 3400
3401 3402
3403 941
3348 3404
3348 3405
3348 3406
2396 3407
2396 3408
3409 3410
3411 1668
325 3412
325 3400
325 3413
325 3414
1391 2385
1391 3415
1391 3416
1391 3417
1391 3418
1391 3419
177 3420
177 3421
177 3422
3423 3424
3381 3412
2803 3425
2803 3426
3427 3428
3227 3429
3430 178
178 3431
1381 3432
1381 3433
1381 3434
3435 3436
3435 3437
3438 3439
3440 3441
3442 3443
3442 3412
3444 3445
3446 3447
3448 3449
2681 3450
2681 2479
3451 3452
3451 3453
3451 847
3451 195
3454 3455
2394 1020
2394 3289
2394 3456
1193 3457
1193 2191
3458 3459
3460 401
3460 3461
3462 3463
3464 2160
182 3465
3466 3467
3466 2965
3468 3469
3468 1766
3470 3471
3472 3473
184 3474
3475 3476
3475 3477
3478 2880
3479 3302
3479 3480
3481 3482
3481 2602
3483 3484
3483 3485
3483 3486
3483 1397
3487 3488
3489 3490
3491 3492
3493 3494
3495 2019
3495 3363
3495 3496
3497 3498
3499 3500
3499 3501
3499 2007
3502 3203
3503 3504
3505 3506
3505 383
3507 3508
3507 3509
3510 3511
3512 3513
3512 2339
3514 3515
3516 3517
3518 3519
3520 1114
3521 3522
2173 3523
3524 3525
2813 3526
2813 3527
3528 3529
3528 3530
185 2475
3531 623
3532 3533
3532 2433
3534 3535
847 3536
847 3537
847 3538
847 3539
847 3540
847 3541
847 3542
847 3543
847 3544
847 3545
847 3546
847 3547
847 3548
3549 3550
3248 3551
3248 3552
3248 3553
3248 3554
3248 3555
3248 3556
2230 3557
3558 3392
3558 3559
3558 3560
189 3561
190 3562
3563 3564
3565 3566
1146 3567
1146 3550
193 3568
193 3569
193 3570
193 789
193 3571
3572 3573
3572 3574
3575 3576
3577 3262
2921 3230
2921 3578
3579 3580
3581 3582
2971 3583
3392 3584
3392 3585
3586 2365
2475 3587
2549 1833
3582 3588
2529 649
3589 3590
3412 2970
1180 3591
1210 3592
1188 3593
3283 3594
3595 3596
3597 3598
3599 3600
3599 3073
3599 3601
3599 3602
3599 3603
3604 3605
3606 3607
3608 867
3608 2116
3608 3609
3608 376
3610 273
3611 3612
3613 3614
212 3615
2304 3616
2304 3617
2304 2728
2304 1820
2484 3618
2484 3619
2484 1785
2484 3620
2484 3621
2484 3622
2484 616
3623 3624
3623 3625
3626 3627
3626 3628
3626 1530
3626 2700
3626 3629
3626 3630
1536 3631
1536 3632
1536 3633
1536 3634
1536 3635
1536 3636
1536 3637
1536 3638
1536 3639
1536 1503
1536 3640
3641 3642
3643 1027
3643 3644
3645 3646
3645 3647
3645 3648
3645 1004
3645 3649
3645 3650
3645 3651
3645 3652
215 3653
215 3654
215 3655
215 3656
215 3657
907 590
3658 3659
1797 3660
1797 3661
1797 2665
1797 3662
1797 3663
908 3664
908 3665
908 755
3666 3667
3666 3668
3666 3669
3666 2716
3666 3670
3666 3671
3666 3672
3666 3673
3666 3674
3666 1533
3675 3676
3675 3677
3675 3678
3675 1535
3675 988
3675 3679
3675 3164
3649 1001
3649 3648
3649 1003
3649 984
3649 3680
3649 3681
3649 3682
3649 3663
3649 3683
3669 978
3669 3616
3669 3684
3669 3635
3669 1531
3669 3685
3686 3687
2716 3688
2716 3689
2716 2663
2716 2771
2716 3690
2716 3691
2716 220
2716 1532
2716 2701
3692 3693
3694 773
3694 3695
2696 3696
2696 3697
2696 3698
2696 3699
2696 984
3700 1490
3700 1487
1005 3701
1005 1002
1005 2728
1005 3702
1005 3703
3704 689
992 3705
992 3706
992 3707
992 3708
992 616
992 3709
3710 3711
3710 3712
867 3713
867 3714
925 3715
925 3716
2035 3717
2035 3718
2035 3719
2035 3720
2035 2793
2035 3721
2035 3722
3723 3724
3723 3725
3723 3726
3723 3537
3723 3178
3723 3727
3661 3646
3661 3633
3661 3728
3661 3729
3661 1532
3661 3678
3661 3730
3661 3731
3661 3732
3661 3733
3734 1598
3734 3735
3734 3736
3734 3737
3734 3738
2937 3739
728 3740
728 3741
728 3418
728 3742
1820 1621
1820 3743
1820 3744
1820 3745
1820 3617
1820 3746
1820 985
1820 3747
1820 1028
1820 1798
217 3748
3749 3095
691 3750
691 3751
3752 3753
3752 3754
2889 2011
1505 3755
1505 3656
1505 3756
1505 3733
1505 3657
3757 3758
3759 3760
3759 3761
3759 3762
3759 3763
3759 3764
3759 3765
3766 3767
3766 3768
1991 3769
1991 3770
1991 3771
1991 3772
1991 3773
1991 3774
3775 3776
3775 3777
3778 3779
3778 3780
3778 3671
3781 3782
3781 601
3720 3783
3720 3784
3720 3785
3720 1598
3720 3786
3672 3787
3672 3788
3672 1025
3672 3789
3672 3790
3672 1530
3672 3791
3672 3792
3672 3793
3672 3719
3672 3794
3672 3795
3677 3796
3677 3797
3677 3798
3677 982
3677 3799
3677 3800
3677 3719
3677 3801
3677 1503
3677 576
1531 1528
1531 3635
1531 3794
1531 3802
1531 3803
1531 1008
3804 3805
3804 1289
218 3806
1493 3807
3808 3809
3810 3811
3810 3812
3813 3814
3813 3815
2700 3816
2700 2013
2700 3732
2700 3817
2700 3818
1097 2724
1097 3819
1097 3820
1097 3684
1097 3821
1097 1511
1097 3822
1097 3802
1097 3823
1097 2728
3822 1027
3822 3824
3825 3826
985 3827
985 3828
985 3829
985 3830
985 3831
985 3654
985 3832
3833 3834
3835 3836
3837 3838
3839 3696
3839 3840
3839 1515
3839 982
3839 1529
3839 3792
3839 1572
3691 3841
3691 3646
3691 3842
3691 3843
3691 3844
3691 2664
3691 1528
3691 3845
3691 3654
3691 3846
3691 1008
3691 3847
3691 3848
3691 1530
3737 1640
220 3849
3850 3851
3850 3852
3721 3853
3721 1026
3721 3854
1006 3855
1006 3843
1006 3856
1006 3857
376 3858
376 3859
376 2464
376 3860
3861 3862
3861 3724
3861 3863
3861 3864
1574 2773
1532 3653
1532 3865
1532 3630
1785 3866
1785 3867
1687 493
1687 3868
3869 3870
3871 3872
3871 3873
3871 2540
3678 3874
1471 3875
1471 3876
755 2923
755 2212
755 3877
755 3878
755 3879
755 554
3880 3881
3882 3883
3882 3884
3885 3886
3887 3888
3889 3688
3889 3890
3823 1527
3823 3891
3892 2362
3893 1625
3893 3894
1027 3895
1027 3843
1027 3791
1027 3896
1027 1500
1027 977
1027 3897
1027 3898
1027 1530
3891 3899
3891 3684
3891 3633
3891 3900
1675 561
1675 591
903 3901
903 3902
3903 3904
2102 3905
2102 3906
2102 3907
2102 3908
2102 3909
2102 3910
3911 3912
3913 3914
3913 3915
3916 3917
3918 3919
3920 3688
620 3921
620 3922
620 3923
3794 3924
3794 1989
3794 1058
3794 1501
3925 3170
3925 3926
3925 3927
3928 3929
3928 1492
3928 2362
3930 3931
3932 3933
3932 545
3934 3935
554 3936
554 549
554 3937
554 3938
3939 3940
3482 3941
1490 3942
1490 3943
3944 3945
3946 3947
3946 3948
365 3949
365 3950
3951 3952
3951 3953
3951 3954
3955 3956
3955 3957
3958 3959
3960 3961
3962 3963
3964 3965
3966 3967
894 3968
894 3969
1033 1062
3970 888
3971 3972
3973 3974
3973 1519
3975 3976
3977 3978
3979 3980
3979 706
2781 3981
2781 3982
3983 3984
3832 3985
1475 3986
1475 3987
1475 615
3988 3989
226 3990
226 3991
226 3992
226 3993
3994 3995
3994 579
3996 3997
3998 3999
3998 4000
2745 2750
4001 4002
4001 4003
4004 4005
4004 4006
3688 3792
3688 1572
3688 3897
227 2352
227 3189
4007 4008
4007 3302
4007 4009
4007 4010
3584 4011
3584 2436
2398 4012
2398 4013
4014 653
4014 4015
4014 4016
4014 4017
4014 4018
4019 4020
4021 4022
4021 615
4023 4024
4025 4026
1565 634
4027 4028
4029 2814
4029 4030
2362 3523
2362 4031
2362 4032
2362 4033
2362 4034
2362 4035
2362 4036
2362 4037
2362 4038
862 4039
862 4040
862 4041
4042 4043
4044 1625
4044 4045
4046 4047
4048 4049
4050 4051
4052 4053
4052 4054
4052 1231
3455 4055
4056 4057
4058 4059
853 4060
853 4061
4062 4063
4064 611
4064 4065
4064 724
1073 3921
1073 4066
4067 4068
4069 4070
4071 4072
4073 4074
4073 4075
1515 1603
1515 2825
1515 2713
1515 3719
1515 4076
1515 4077
1515 4078
4079 4080
4081 4082
4081 2685
4083 2227
4083 4084
4085 4086
4085 4087
4085 4088
4085 4089
4090 4091
4092 4093
4094 636
4095 4096
4097 4098
4099 4100
4099 1028
1740 4101
1740 4102
4103 4104
4105 4106
4107 4108
4107 3408
4107 4109
4110 4111
4112 4113
4114 4115
4116 3748
4116 4117
4118 4119
4120 4121
4122 1503
4123 4124
2975 4125
2975 4126
2975 4127
2975 4128
4129 4130
4131 4132
4133 4134
982 4135
982 4136
982 4137
982 4138
982 4139
982 4140
982 2707
982 4141
982 4142
982 4143
982 4144
982 4145
982 4146
982 4147
4148 878
4149 4150
4151 4152
4153 4154
4153 4155
4153 4156
4153 4157
4158 2184
4159 4160
4161 3263
4162 4163
4164 4165
2948 4166
2948 4167
4168 4169
4170 4171
4172 4173
4172 4174
4175 4176
4175 4177
4175 4068
4175 4178
4175 4179
4180 4181
235 4182
235 2443
4183 4184
4185 4186
4185 4187
4188 4189
4190 4191
4190 4192
4193 4194
4193 4195
4193 2878
1349 4196
1349 3418
1349 4197
4198 4199
4198 4200
4201 4202
4201 2985
4203 4204
4205 4206
945 4207
945 4208
945 3904
945 4209
945 4210
4211 4212
4213 4214
4215 2602
4215 4216
4215 4217
4218 4219
4220 517
1804 4221
4222 4223
4224 4225
4224 4226
4227 4228
4227 4229
4230 4231
4232 2248
4232 1802
4233 4234
4233 4235
4236 4237
4238 4239
4238 4240
4241 4242
4243 4244
4245 4246
4245 754
4247 4248
3193 4249
3193 4250
3193 4251
4252 4253
4254 4255
4256 4257
3461 4258
3461 4259
4260 4261
693 4262
693 2037
754 4263
754 4264
754 2901
4265 3220
4266 4267
4266 4268
4266 4269
4270 2724
4270 1059
4271 3536
4271 4272
4273 4150
4274 4275
1999 2436
4276 773
4277 4278
4279 4280
4281 4282
239 4283
2195 4284
4285 4286
4285 1308
4285 4287
4285 4288
4285 4289
4290 4291
734 2354
4292 4293
4294 4295
4296 4297
4298 4299
4298 1760
4298 4300
4301 4302
210 4303
4304 4305
4306 4307
4308 4309
4310 4311
2374 4312
2374 4313
4314 654
724 4315
724 4316
4317 4318
4319 1018
4319 4320
4246 4321
4322 2602
4323 4324
4323 4325
4323 4326
4327 4328
4329 4330
4329 4331
4332 4333
242 4334
4335 4336
634 4337
634 4338
634 4339
634 4340
634 4121
4341 4342
4343 4344
4345 4346
4182 4347
4348 4349
4350 4351
4350 4352
4353 4354
4353 2414
1205 4355
4356 4357
4356 2183
3082 4358
3082 3443
3082 1595
3082 4359
286 4360
4361 4362
1611 4363
3363 4364
4365 4366
4367 4368
4369 4370
4371 4372
4371 4373
4374 4375
4376 4377
4376 4199
4376 4378
4379 4380
4381 4382
4381 4383
4381 4384
4385 4386
4387 4388
4389 674
4389 4390
4391 3559
4392 4393
4394 4395
4394 3314
3877 4396
4397 4398
1018 2117
4399 2855
4400 4401
4402 4403
4404 4405
4404 4406
4407 4408
4409 674
3463 4410
4411 4412
4413 4414
4415 4416
290 4417
4418 4419
4418 2105
1932 3170
4420 2750
4420 3209
4421 4422
4421 3229
4421 4423
4421 3102
4421 2205
4421 351
1067 1742
4424 4425
4426 4427
4426 4428
4429 1429
4429 4430
4431 4432
4433 4434
4435 4436
4437 4438
4439 4440
929 4441
4442 4443
3102 469
4444 4445
4446 4447
2913 4448
2913 2743
2913 1166
1289 3439
291 4449
4450 4451
4452 4453
4454 2602
4455 4456
4457 4458
4459 4460
4459 4461
4459 4462
4463 4464
4465 4466
4467 4468
1702 3863
4469 967
4470 4471
4472 4473
4474 2367
4475 4476
4477 4478
3250 498
4479 4480
4481 4482
293 3591
4483 4484
4485 4486
2293 4487
1147 2528
4488 4489
4488 4490
4491 4492
297 4268
297 4493
4494 4495
4496 4497
4496 4498
4496 4499
4496 4500
4496 1978
2365 4501
2365 4502
2365 4503
2365 4504
4505 4506
4507 4508
299 4509
299 4510
299 3280
1148 4511
1148 4512
1148 4513
4514 2602
4515 4516
2647 4517
2647 4518
300 4519
300 4520
300 4521
4522 4523
4524 4525
4524 4074
4526 4527
4526 4528
4529 4530
2041 465
311 2005
311 4531
303 4532
4533 4534
4533 4535
1165 4536
1165 4537
304 4538
4539 4540
4541 4542
4543 4544
4545 4546
521 4547
521 4548
521 674
4549 4550
4551 4552
1800 4553
886 4554
4555 1444
4555 4556
4555 4557
4558 4559
306 4560
306 4561
4562 4563
4564 4565
4566 4567
4568 4569
4568 4570
4568 4571
4572 4573
4572 4574
4575 4576
4577 4578
4577 4579
4580 4581
4582 4528
4583 4584
4583 4585
4586 4587
4586 4588
4589 4590
4589 4591
4592 4593
1170 1878
1170 4594
4595 4596
4597 4598
4599 4600
4601 4602
4603 4604
4605 4606
4607 4608
4609 4610
4609 4611
4609 4612
4613 4614
4613 4615
4616 4617
4618 4619
4620 4621
4622 4623
4624 4625
4626 4627
3441 4628
4629 4630
4629 4631
4632 4633
4634 3550
1655 4635
1655 4636
4637 4638
4639 4640
4641 4508
4642 4643
4644 4645
4646 4647
4646 4648
4649 4650
4651 4652
4653 4654
4653 4655
4656 4657
4658 4659
4660 4661
4662 3566
4663 4664
4665 465
4665 4666
4667 4668
4669 4670
4671 4672
4671 4673
4674 4675
4676 4677
1221 4678
1221 4679
1221 4680
4681 4682
4683 4684
4685 465
4686 421
4687 4688
4689 4690
4691 4692
3178 4693
4694 1878
4694 4695
4696 4697
4698 2040
4699 4700
4701 4702
4701 4703
4704 4705
4704 4706
4707 4708
4709 3211
4710 4711
4712 4713
4714 4715
4716 1285
4717 4718
4719 4720
4721 415
4722 4723
3094 4724
4725 4726
2502 1128
1358 3959
1358 2223
1358 4727
4728 1020
4729 4730
4729 1366
4731 4732
4733 4734
4735 4736
277 4737
4738 4739
4740 4741
4740 4742
4743 3272
4744 674
4745 4746
4745 4747
4748 4749
4750 1278
4751 4752
4753 4754
4753 4755
317 4756
317 626
2730 4757
2730 4758
2730 2743
2730 4759
2730 4760
2730 4761
2730 4762
2730 4763
2730 4764
2727 4765
326 4766
326 4767
326 4768
4769 4770
4769 1197
4771 4772
4771 4773
3530 4774
3530 4775
4776 4777
4778 4779
4780 4781
4782 4777
4783 4784
1183 4785
4786 4787
773 4788
773 4789
4790 4791
4790 4792
4790 4793
4026 4794
4026 4795
4026 4796
4026 4797
432 768
3614 4798
4799 4800
1898 4801
1898 4802
1898 4803
469 4804
469 4805
469 4806
469 3417
469 4807
3032 4808
3032 4809
4810 4811
4812 4813
4814 4815
4814 4816
4817 3593
2619 4818
4819 4820
4819 1337
1178 4821
4822 4823
3508 4824
3508 4825
4826 3183
4826 453
4827 4828
4827 4829
4827 4830
4827 4831
4827 4832
4833 4834
4835 895
4836 4837
4838 4839
4840 4841
4842 4843
4842 4844
4845 4846
387 4847
4824 1259
4848 4849
4848 4850
4848 4851
2295 4852
2295 3864
4853 4854
4855 4856
415 4857
4858 4859
4858 4860
4858 4861
4862 4863
4864 4865
333 4866
4867 2615
1256 4868
1256 4869
1256 4870
1256 4871
4872 4873
2528 4874
2528 4875
4876 4877
3596 4878
1663 4879
4320 4880
335 4881
2143 4882
4829 4883
4884 4885
1214 4886
1214 4887
1214 4888
4889 4890
4889 4891
4892 4893
4894 4895
3554 4896
4897 4898
4897 4899
4883 4900
4901 4242
769 4902
769 4903
769 4904
769 4905
2105 4906
2105 1118
4907 4908
4909 4910
4909 4911
4912 4913
2135 4914
738 4915
4916 1265
2183 4917
2183 4918
2183 4919
4920 4921
4922 4923
4924 4925
4926 4927
1366 3360
1366 4928
1366 4929
1366 1878
1366 4532
1366 4930
1253 4931
1253 4932
1253 4933
4934 4935
4936 4873
4936 4937
4938 4939
4940 4941
4647 4942
4943 4944
4945 4946
1888 4947
4948 3194
4948 4949
1840 4950
1840 4951
358 4952
4953 4954
4953 4955
4953 4956
4957 4958
367 4959
4960 1978
4961 4854
2979 4962
2979 4963
1873 4964
1873 4965
2972 4966
2972 4967
4968 4969
4968 4970
4971 2264
3394 2274
3394 4972
3394 4973
3477 4974
4975 401
4976 4977
1437 4978
1437 4927
1437 4979
4980 382
4980 4981
4980 4982
4983 4984
4983 4985
3234 4986
3234 4987
4640 4988
4989 4990
4989 794
4991 4992
4991 4993
4991 4994
4995 4996
4995 4997
4998 4999
5000 5001
4393 5002
1772 5003
1772 5004
1923 5005
1923 5006
1978 5007
1834 5008
1834 5009
1834 5010
1834 5011
507 5012
5013 5014
5013 5015
5013 5016
5013 5017
5018 4708
5018 4196
5019 5020
5021 2534
5022 5023
5022 5024
383 5025
383 5026
5027 5028
5029 2565
2534 2535
5030 5031
2757 5032
5033 5034
5035 5036
5037 5038
5037 5039
5037 5040
5041 1347
5042 1449
2565 5043
2565 5044
1957 4706
5045 5046
5047 5048
5049 5050
5051 5052
5051 5053
5054 5055
5056 5057
5058 1164
5059 5060
5061 5062
5063 5064
5065 5066
5067 5068
5069 5070
5069 5071
5072 5073
5072 5074
5075 4600
5075 5076
3229 5077
3229 5078
5079 5080
4781 5081
4781 5082
392 5083
5084 5085
5084 5086
5087 5088
5089 5090
5091 5092
5093 1956
4785 2201
5094 5095
5096 5097
5096 4921
5098 5099
5100 1952
5101 5102
5103 5104
5105 5106
5105 5107
5108 5109
5110 5111
5110 5112
5110 5113
5114 5115
5114 5116
5117 5118
5119 461
5120 1421
5120 5121
2178 5122
5123 5124
2184 5125
5126 5127
5128 4679
5128 5129
5130 5131
5130 5132
5133 5134
5133 5135
5133 5136
5137 5138
5137 2810
5134 3876
5139 5140
4358 5141
5142 4970
2628 5143
2628 5144
407 2501
2501 5145
401 5146
5147 5148
5149 5150
5151 5152
5153 5154
5155 5156
5157 5158
5159 4228
5160 5161
5162 5163
5164 5165
5164 5166
5164 5167
479 5168
479 3552
5169 5170
5171 5172
5173 4239
2877 5174
2877 4226
2877 5175
5176 5177
5178 5179
5180 5181
5182 5183
5184 3420
5184 804
5185 4229
5186 5187
5188 5189
5190 5191
5192 2357
5192 5193
5194 5195
5196 5197
5198 5199
5200 5201
5200 5202
5203 5064
2629 5204
2629 5205
2629 5206
2629 5207
1696 5208
3634 5209
5210 5211
5210 5212
5213 5214
5213 5215
5213 5216
2600 5217
2600 5218
2600 5219
2600 2095
2600 4713
5220 4401
5220 5221
5222 5223
5222 5224
5222 5225
5226 3425
4248 5227
4248 5228
2909 4742
2909 5229
5230 5231
626 3535
5232 506
5233 5234
5233 5235
416 5236
5237 5238
5239 5240
417 4670
417 5241
417 1521
4978 5242
5243 5244
5245 5246
5245 5247
5248 2337
5249 5250
5251 5252
5253 5254
5255 5256
5257 5258
5259 5260
5259 5261
5262 5263
5264 5265
5266 414
5267 5268
5269 5270
5269 5271
5215 2545
3272 5272
3272 3203
5273 5274
5273 5268
5275 1088
5276 5277
5278 4949
3085 1166
5279 3360
4705 5280
5281 5282
1963 5283
1963 5284
5285 5286
414 5287
3506 5288
3506 5289
5290 5291
5292 5293
5292 5294
5292 5295
4631 5296
4631 5297
5298 5299
433 5300
433 3504
2248 5301
2248 5302
2248 5303
5304 5305
5304 5306
5304 5242
888 5307
888 5308
888 5309
888 5310
5311 5312
5311 5313
5311 5314
5311 5315
5311 5316
5311 5317
5318 5319
5320 4796
5320 5321
1213 5322
1213 2015
5323 5324
5325 2014
5291 5326
5327 5328
5329 5330
5331 5332
5333 5334
5335 5336
5337 5338
5337 5339
5340 5341
5340 5342
5340 5343
4994 5344
5345 5346
5062 5347
5348 5349
2658 5350
5351 3868
5352 5353
5352 5354
5352 5355
5352 3566
5352 5356
5357 5358
5359 5360
2518 5361
5362 5363
5364 5365
5366 3230
5366 4688
4239 5367
4239 4612
2201 4208
2201 3249
2201 5368
2201 5369
5370 5371
5372 3484
5372 5373
5374 5375
2970 5376
2970 1198
2970 5377
2190 3480
5378 5379
5378 5380
5381 5382
5381 5383
5381 5384
5381 5385
5381 740
5381 5386
1882 5387
1882 5388
1882 5389
1882 5390
4166 5391
4166 5392
4166 5393
5394 5395
5394 2262
1017 5396
5397 5398
3300 3096
3300 5399
3302 5400
3302 5401
5165 5402
5165 5403
878 5404
878 5405
878 5406
878 5407
5408 5409
5408 5410
4208 5024
4208 5411
448 5395
4088 5412
4088 5413
4088 5414
4088 5415
4088 4501
4088 5416
4088 5417
4088 4633
4088 5418
1304 5419
1304 5146
5420 5421
449 5373
449 5422
449 5423
5424 5425
5426 5427
5428 799
5429 5430
810 5431
5432 5433
5432 5434
5432 3091
5435 5436
5435 5437
5435 5438
5435 5439
5440 5441
5442 674
5443 5444
5443 5445
450 4532
450 5446
5447 5448
5447 5449
5447 5450
5451 5452
5451 5453
5097 5454
5455 2426
5455 5456
5457 5458
5459 5460
876 799
876 5321
5461 5462
2454 5463
2079 5464
5465 5421
5466 5467
5466 5468
5469 5470
5469 5471
5472 5473
5474 5475
5476 5477
2262 2814
2262 5478
5479 5480
5479 5481
5482 5483
1175 5484
2521 2443
2521 5485
5486 5487
3036 5488
3036 5489
5490 5491
3408 5492
3408 5493
5494 5495
3091 5496
3091 5483
1071 3203
5497 5498
5497 4536
2443 5499
2443 5500
5501 5502
5503 5504
5503 4865
5505 5506
5505 5507
4055 2932
5508 5509
5510 3209
5511 2223
5512 5513
1282 5514
5496 1020
5515 5516
5517 5518
5519 3140
2241 5520
5521 5106
5522 3906
5522 5523
2272 5463
5524 5525
5524 5526
5527 5528
1877 5529
5530 1892
5530 5395
5531 1055
5532 5533
3416 5534
5535 5536
5537 5538
4724 5539
5540 5541
5542 3253
5543 5544
5543 5545
4680 5546
5547 5548
3413 2525
3413 5549
1020 5550
5551 5552
5553 5554
458 5555
3284 5556
3284 726
5557 5558
5559 5560
5561 5562
1198 5563
1198 5564
4606 5565
517 5566
5567 5568
5569 5570
5571 5572
5573 5574
5575 4229
5392 5483
5576 5577
5576 5452
5578 5579
5580 5581
5582 5583
5582 5584
5582 5024
5585 5586
5587 5588
5589 3295
5590 5591
3049 5592
4347 5593
5594 5595
5596 5597
460 5598
5599 5600
1259 5601
1259 3574
5602 5597
5603 5604
461 1878
5605 5606
5605 4844
5605 5607
5605 5608
3184 5609
5610 2525
5350 5611
5612 5613
5614 1211
5614 5615
5616 1871
5617 5618
5427 5619
5427 5620
5427 5621
5622 5623
5624 5625
5624 5626
465 5627
465 5628
5629 5630
5631 5632
5633 5634
5635 5636
5460 5637
5638 4456
5639 5640
490 5641
490 5642
5643 2164
5644 5645
3550 5646
5647 2273
4229 5648
4229 5649
467 5650
5651 5652
5651 5649
5653 5654
5655 5656
5657 5658
5657 5659
4688 2469
4688 3437
4688 5660
5661 4318
4896 5662
2758 5663
476 5664
5665 5666
5667 5668
5669 5670
5669 5671
5672 5673
3600 5674
3600 5675
3600 5676
967 4865
5677 3352
4723 5678
5679 5680
5681 5682
4900 1200
2220 5683
2220 4336
5684 5685
5686 5687
5688 5689
5688 5690
3997 5691
3997 5692
3997 3055
1315 5693
1315 5694
3904 5317
3904 5695
1829 740
5696 5308
869 5697
730 5698
3591 5699
3591 5700
5701 5702
2991 5703
5704 3245
4670 1258
2677 5705
2677 5706
2677 5707
5708 5709
492 5710
5711 5712
5711 5713
5714 5715
5714 5716
3360 1782
5717 5718
5719 5720
5523 5721
5722 5723
4560 5724
5725 1758
5726 3566
5727 5728
5727 5729
5727 5730
2052 5731
494 5732
5733 2689
5734 5735
5736 5737
5736 5738
5736 5739
5740 5741
5740 3154
2191 4759
4857 5742
5743 5744
506 5745
506 5746
506 3770
506 5747
5748 5749
5750 5751
5752 5753
5752 3230
497 5754
3084 5755
4548 5756
5757 5758
5757 4532
5759 5760
1078 3189
1078 5761
1078 5762
1078 5763
4643 5764
5765 930
5766 5767
5768 2496
5769 5770
2634 5771
5772 5507
5773 5774
5773 5775
5773 5776
499 5777
5778 5779
1179 5780
5781 5782
5783 5784
5785 5786
5787 5788
5789 5790
5789 5791
2814 5792
5793 5794
5795 5796
5797 5798
5797 5799
5800 5801
5802 5803
5804 5805
2924 5806
5807 5808
4650 5809
5810 5811
5810 5812
5810 5813
3350 5814
3350 5815
3350 5816
510 5817
674 5818
674 5819
674 5820
1229 5821
1229 5822
1229 5823
5824 5124
5825 5826
5827 5828
5829 1953
5830 5831
5832 5833
5828 5834
5835 5836
5835 5837
5838 3262
5839 5840
5841 5842
5843 1191
5844 5702
5845 5846
5847 5848
3602 5849
5850 5851
5172 5852
5853 5854
5853 726
5853 5855
5856 1968
5857 4419
5858 5859
5860 5861
5862 5863
789 5864
5865 5866
5867 5868
5867 5869
5870 5871
890 5384
5732 2331
5732 4757
5732 5872
5732 5873
5732 5874
5732 5875
5732 5876
5732 5877
5878 5879
833 5880
833 1385
833 5881
3639 2728
3639 576
5882 988
615 5883
615 1601
5884 5885
1503 5886
2976 5887
5888 2663
5888 5889
5888 5890
5888 3756
5888 5891
988 5892
988 5893
2827 5894
2827 5895
2827 996
5896 936
5896 5897
5898 5899
5898 5900
592 5901
545 5902
5903 5904
5903 5905
576 3662
5906 642
1028 3627
1028 5907
1028 5908
1028 5909
5910 5911
5910 1527
1798 5912
1798 4139
1707 591
2363 5913
2363 3513
2331 4295
2331 5914
2331 5915
1108 5916
1472 5917
5918 2940
5918 749
5919 5920
5499 5921
5499 5922
5499 5923
5924 5925
561 5926
5927 5928
5927 5929
5930 5931
893 5932
5933 5934
2973 624
5935 5936
5937 5938
5937 5939
558 5940
5941 989
5942 5943
3797 5944
3797 5945
3797 3719
3797 4121
4022 5946
4022 5947
3776 5948
3776 5949
5950 5951
5950 5952
4169 5953
5954 5955
5956 5957
5958 5959
5960 5961
5960 5962
1385 564
5963 5953
5964 3500
2841 5965
2841 5966
5967 5484
5968 5969
619 4754
619 624
5970 5971
5970 5972
5973 5974
2750 4556
2750 5975
1678 5976
5977 5978
3901 801
3901 2540
5979 5980
1529 5981
1529 5890
1529 2826
1240 3662
1003 3627
1003 2664
1003 3816
1003 5982
1003 5983
1004 5984
1004 5985
1004 984
1004 4765
1004 5986
1004 5987
5695 5988
3802 5989
984 5990
984 980
984 3816
5991 5992
5991 5993
3719 5994
3719 5995
2728 5996
2728 5997
2728 2695
2728 980
2728 4100
2728 3897
1530 1621
1530 2695
1530 1049
1530 5998
5999 3646
5999 2303
5999 5985
5999 6000
2633 6001
3653 6002
3653 2303
3653 3730
3653 6003
3653 3650
3653 6004
3653 3846
3729 6005
3729 6006
3729 3651
6007 6008
6007 3816
6007 3654
6007 3680
6007 6006
6007 6009
6010 6011
5912 3844
5912 3816
5912 6012
3792 3676
3792 6013
3792 6014
3792 6015
3792 6016
1572 6017
5889 6018
5889 1621
3671 6019
3671 6020
6021 6022
6021 6023
6021 6024
6025 6026
6027 6028
3638 6029
6030 6031
6030 6032
6033 6034
6033 6035
6033 6036
6037 613
5892 6038
5892 6039
6040 6041
575 3024
6042 6043
6044 6045
2602 3712
2602 6046
2602 6047
2602 6048
2602 6049
2602 6050
6051 934
6052 1497
647 6053
6054 6055
989 6056
6057 6058
6057 6059
6057 2674
749 3513
5871 6060
3525 6061
3525 6062
4902 6063
6064 6065
6066 6067
6066 6068
3910 6069
3910 5355
3910 6070
6071 6072
1982 6073
1984 4295
6074 6075
2005 6076
2005 6077
2005 6078
6079 1308
6080 6081
1231 6082
1231 6083
3662 6084
3662 6085
3662 3670
6086 1665
6086 3063
2888 3696
2888 3791
6087 5990
6088 6089
6090 6091
6090 6092
6090 6093
6090 6094
1640 6095
1640 1605
4540 6096
6097 6098
6099 6100
6101 6102
6103 6104
601 6105
2355 6106
6107 6108
1008 3100
1008 6109
1008 2693
1008 6110
1008 3894
1008 6111
6112 6113
6112 6114
6112 6115
6112 6116
3696 1000
3696 2824
3696 6117
3696 3844
3696 4139
3696 6118
3696 3630
3696 3685
3696 6119
6120 2697
6121 1779
6122 6123
6124 6125
6126 6127
806 6128
613 6129
6130 6131
6130 6132
6130 5908
2037 6133
6134 6135
6136 1732
6137 6138
6137 6139
649 6140
649 5581
649 6141
6142 6143
6144 6145
6146 6147
6148 6149
6150 6151
6150 6152
2640 6153
6154 6155
1763 6156
6157 6158
6072 6159
3221 6160
3221 2403
6161 6162
6163 6164
6165 6166
4715 6167
4715 6168
6169 6170
1139 6171
6172 6173
6174 6175
6174 6176
6177 6178
6179 6180
6181 6182
6183 6184
6185 6186
5541 6187
5541 6188
5541 6189
5541 6190
3341 6191
2393 6192
2393 6193
6194 6195
6196 6197
4383 6198
6199 6200
6201 6202
1014 3860
6203 6204
6205 6206
6207 6208
880 883
5705 6209
5705 6210
5705 6211
5705 4520
6212 6213
807 6214
6215 6216
1269 6217
6218 6219
6220 6221
6220 6222
3770 3209
895 6223
895 6224
895 3209
6225 6226
6227 6228
6229 6230
6231 6232
6231 6233
5762 6234
5762 6235
6236 2354
4770 6237
3395 6238
6239 6240
6241 6242
637 6243
6244 6245
1832 6246
1832 6247
638 6248
898 6249
3873 6250
4008 6251
6252 6253
6254 6255
6254 6256
6254 6257
6254 2281
6258 3171
6258 6259
6258 6260
6258 6261
2496 1182
3793 1605
6262 5539
2238 758
6263 6264
654 6265
1550 6266
917 6267
917 6268
2420 6269
6270 6271
6272 6273
655 6274
6275 6276
6277 6278
6279 6280
3897 6281
3897 1517
3620 6282
3620 6283
6284 6285
6284 6286
5777 6287
6288 6289
6290 6291
809 6292
809 6293
6294 6295
6296 6297
6298 5731
3987 3718
3987 6299
3987 6300
1491 6301
1491 3838
6302 6303
6302 6304
6305 6306
4261 2793
6307 4009
5127 6308
6309 6310
6311 6312
2403 6313
6314 706
6315 6316
4272 6317
4272 6318
4272 6319
6320 6321
6322 6323
6322 6324
6325 6326
6327 6328
1590 4139
6329 6330
6331 6332
4355 6333
6334 6335
6334 6336
6337 6338
6339 6340
6341 6342
6341 6343
3936 6344
3936 2668
6345 6346
1122 6347
6348 6349
6348 6350
3368 1625
6351 6352
6353 6354
6355 6356
1421 6357
6358 6318
6359 6360
6359 6189
4041 6361
4041 6362
6363 6364
6365 4682
662 6366
6141 5581
6141 910
6141 6367
6368 6369
6370 6371
4489 3247
6372 6373
6374 6375
958 6376
6377 6378
6379 6380
6381 6382
6381 6383
6381 4590
6381 6384
6381 4174
6385 6386
6387 6388
6387 2613
666 5873
6389 6390
6391 6392
6393 6394
4682 6395
4682 6396
6397 6398
6397 6399
6397 5600
667 6400
667 6401
667 6245
6402 6403
6198 6404
6405 6406
5395 6407
6408 2508
6409 6410
6411 6412
6413 6414
6415 1668
2226 2423
5242 5855
5242 6416
5242 4380
1197 6417
2901 6418
4163 6419
4163 6420
678 6421
6422 6423
2081 3066
6283 6424
679 6425
679 6426
5939 6427
6428 6429
6430 6431
972 682
5943 6432
5943 6433
5943 6434
5943 6435
5943 6436
6437 6438
1416 6439
6440 6441
6442 6443
6442 5893
5881 6444
6445 6446
6447 6448
813 6449
813 6450
813 6451
6452 6453
6454 6455
6456 6457
6458 6459
6460 6461
4885 6462
3154 6463
3154 6464
2464 6465
2464 6466
6467 1608
6468 6469
6470 6471
6470 6472
3437 6473
6474 6475
6476 6477
694 6478
6479 1492
6480 6481
6480 977
1492 6482
5409 2301
6483 6484
6485 6486
6487 6488
6487 6489
6487 6490
775 2040
6491 6492
6491 6493
6494 3555
6495 6496
706 6497
4820 6498
6499 6500
6499 6501
686 6502
6503 6504
6505 6506
1208 6507
6508 6509
6510 6511
2724 1058
2724 3683
2724 6512
6513 6514
6515 6516
6515 2756
6517 6518
4268 6519
4268 5819
3929 6520
6504 6521
1848 6522
6523 6524
6525 6526
5538 6527
6528 6529
6528 6530
6528 5493
5607 6531
2809 6532
2809 6533
4513 6534
4513 6535
4513 2466
6536 6537
6538 6539
2407 6540
2407 6541
2407 6542
2407 6543
2407 6544
2532 6545
6546 6547
6548 6549
6550 6551
6552 6553
6554 3556
6555 2459
6143 6556
6143 6557
6143 6558
6559 6560
3760 6561
3760 6562
3760 6563
6564 6565
6566 3402
6567 5363
2476 6568
6569 6570
6571 6572
6573 4532
6574 6575
6576 6577
6578 6579
6580 6581
6475 6582
6475 874
6583 6584
3144 6585
3144 6586
6587 6588
2697 6589
2697 6590
1501 3843
1501 3820
1501 6591
1603 6592
1603 4958
1603 6593
6594 6531
6595 6596
6595 6597
6598 3683
5659 4177
3890 6599
3500 6600
3500 4958
6601 6602
6601 6603
3093 6604
3093 6605
6606 6607
6608 6609
6608 6610
6611 1058
743 2048
6612 6613
6614 6615
6616 6617
6616 6618
6619 6620
5400 3060
6621 6622
6621 6623
6624 6625
6626 6627
6626 6628
6629 6630
6631 2613
6632 6633
3724 6634
3724 6635
6636 6637
6638 6639
1085 6640
2372 2366
6641 6642
6641 6643
6641 2569
6644 6645
2223 6646
2223 6647
2223 6648
6649 6650
6651 2439
6652 4604
3015 4537
1480 6653
6654 6655
6654 6656
6657 6658
765 6659
765 6660
6661 6662
6663 6664
1694 6665
6666 6667
6668 6669
6670 6671
6672 2028
5387 1835
3707 6673
5023 6674
5023 6675
5023 6676
5414 6677
6678 2980
6679 3262
6680 6681
6682 6683
6684 6685
6686 6687
3715 6688
2519 6689
6690 6691
6690 5814
6692 6693
6694 6695
6696 6697
1853 6698
1483 6699
1483 6700
6701 4796
6702 6703
6704 6705
5731 6706
5731 4464
5731 6707
5731 6708
6709 5823
6710 6711
6712 6713
6714 3417
4773 6715
6716 6717
3216 6718
6719 6720
6721 6722
6723 1871
6724 6725
6726 6727
6728 6729
6730 6731
6732 6733
6734 6735
1571 3843
6736 6737
6738 6739
6740 6741
3635 3616
3635 6742
6743 6744
1211 6745
4947 6746
4865 6747
6748 6749
6748 6750
6748 5116
6748 6751
6752 6753
4032 5322
6754 6755
793 6756
793 6757
793 6758
793 6759
1631 6760
1631 6761
6762 6763
6762 6764
1549 3791
6765 6766
6765 5369
6767 6768
6767 6769
6770 6771
6770 3420
6772 6773
4844 6774
6775 6776
6777 6778
6665 6779
2715 6780
2715 6781
2715 6782
2715 6783
2715 6784
2715 6785
6786 1630
6787 6590
4992 6788
4992 871
5836 6789
6790 6791
6790 6792
6793 6794
6795 6796
6797 6798
6799 6800
6801 6802
1835 6803
6804 6805
6806 6778
3209 6807
3209 6808
6809 5444
6810 5396
6810 6811
6810 6812
2610 6069
6813 6814
6815 6816
6815 6817
6818 6819
6820 6821
800 6822
5112 6823
6824 6825
6824 6826
801 6827
801 6828
6829 6830
6829 1948
6831 2405
6832 6833
803 6834
6835 6836
6837 3896
6837 6838
6839 954
805 1715
805 5812
6840 6841
1597 6842
6843 5246
6844 6845
6846 6847
6846 6848
6846 6849
6850 6851
6850 6852
6850 6853
6850 6854
6855 3001
6856 6857
6319 6858
6319 6859
6860 6861
6862 6863
6864 6865
6866 5010
6867 6868
4985 6869
4985 6870
4815 6871
4815 6872
4815 6873
5724 6874
4448 6875
6876 6877
6878 6879
6878 6880
6881 6882
2985 6883
6884 6885
2459 6886
2222 6674
2222 6887
6888 6889
6674 6890
6674 3552
6674 6891
6892 6893
6894 6895
6894 6896
6897 6898
6899 6900
5309 6901
6902 4648
6903 6904
1779 6905
6906 6907
6908 6909
1762 6910
1762 6911
6640 6912
6913 6914
6915 2657
1077 6916
6917 6918
850 6919
6920 6921
6922 6923
6924 2175
6925 6926
5208 6927
3131 6928
3131 6929
6930 4432
4144 1502
4144 2009
6931 2126
6932 6933
6934 5211
6934 6935
5869 6936
6937 6938
6939 6940
6941 6942
5873 6943
2209 6944
6945 6946
6947 6948
6949 6950
6951 6952
6951 6953
6954 6955
6114 6956
6114 6957
6114 5730
6114 4278
6114 6958
6114 6959
6114 6960
6961 6962
871 6963
6964 6965
6966 6750
6967 6968
6969 1956
6970 6971
6597 6972
4128 6973
6974 3921
977 2701
6975 6976
1517 6977
1517 4139
1517 6978
1517 6979
1517 6980
1517 6981
6982 6983
6984 6985
6986 2275
6987 6988
6987 6989
6990 6991
6990 6992
6993 4806
6993 6994
6993 6995
6993 6996
6997 6998
6997 6999
7000 7001
7002 7003
7004 3798
7005 3498
7006 7007
3452 7008
7009 7010
6068 7011
7012 7013
7014 7015
7014 7016
7017 7018
7019 7020
5166 7021
7022 7023
7022 7024
7025 7026
7027 7028
7029 7030
7031 7032
7033 7034
7035 7036
7037 7008
7038 7039
7040 7041
3578 7042
7043 7044
7043 7045
7043 7046
7047 7048
7049 7050
6572 7051
6572 7052
2618 7053
6685 2682
6685 5369
6685 7054
5471 7055
3868 7056
7057 7058
2919 3261
7059 7060
2412 7061
7062 6395
7062 7063
7062 7064
7062 7065
7066 7067
6155 7068
910 7069
910 3480
3480 1200
3480 7070
3480 7071
7072 7068
7073 7074
7065 7075
7076 7077
7078 2254
7079 7080
7079 7081
7060 7082
7060 7083
7084 6778
7084 7085
7086 3130
7086 7087
7088 7089
7090 7091
7092 7093
7092 6751
5642 7094
7095 7096
7097 7098
7099 4508
7100 6168
7100 4805
7100 7101
7102 3055
1918 7103
7104 7105
965 7106
965 7107
7108 5446
1878 7109
4532 7110
4532 7111
7112 7113
7112 7114
7115 7116
7117 7118
7119 7120
7121 7122
6429 7123
1718 7124
7125 7126
7125 7127
7128 1191
7129 7130
7131 7132
7131 7133
3262 7134
3262 7135
7136 7137
7138 7139
7140 7141
7142 7143
7144 7145
7146 7147
7148 7149
7150 978
7151 7152
5514 7153
5514 1429
7154 7155
2436 5386
7156 7157
7158 7159
7160 7161
2439 7162
7163 7164
7165 7166
7165 7167
7165 7168
7169 7170
7171 7172
7173 7174
7173 7175
7173 7176
3843 2825
1025 7177
1025 995
7178 2013
7178 3630
3853 1989
3853 7179
3853 7180
3853 7181
3820 2663
3820 7182
3820 7183
3820 3650
3820 7174
3820 5891
3627 3646
3627 7184
3627 7185
3627 7186
3627 5985
3627 7187
3627 5982
3627 3756
3627 3652
3627 5891
3627 7188
2663 3647
2663 3656
2663 7189
978 7190
978 7191
978 1527
978 7192
978 7193
978 7194
978 7195
7196 7197
7196 7198
979 1528
979 7199
3616 3617
3616 3747
2303 7200
2303 3651
2303 7201
2303 7175
2303 3817
2303 7188
980 3856
980 7202
7203 2009
7203 5985
7204 7205
7206 1541
7206 5985
7206 3818
7207 7208
5985 3856
5985 3816
5985 3655
5985 3656
5985 7209
7210 7179
7210 7211
7212 7213
3743 7214
3647 7183
3647 3655
3647 6000
2825 7208
2825 7215
2825 3854
3648 6002
3648 7216
3648 2665
3648 6012
3648 5890
3648 3702
3648 7175
3648 3733
3791 3747
1058 7208
1058 1535
4139 7217
4139 5990
4139 4121
4139 2773
7182 7218
7182 3842
7219 7208
3632 7220
7221 7208
7183 7222
995 3673
995 7189
995 7223
7208 7224
7208 2701
2695 7225
2695 7226
2695 7227
2695 3657
7228 998
3829 7229
2664 7174
2664 997
7230 5990
7230 7231
3798 7232
3798 7233
3798 7234
7235 7236
1499 3790
7237 7238
7239 7240
7241 3896
7242 7243
7244 7245
1059 2714
7246 7247
7248 7249
5895 7250
5895 7251
3115 7252
7253 7254
1049 7255
1049 7256
1049 7257
1049 7258
1049 7259
3790 4141
3044 7260
7261 7262
7260 7263
7264 7265
7266 7267
7268 7269
2692 7270
7271 7272
7273 7274
7273 7275
7276 7277
2341 7278
5322 7279
3133 7280
7281 7282
7283 7284
7285 7286
7287 7288
7289 7290
7289 7291
7289 7292
7289 7293
7294 7295
7296 5819
4150 7297
7298 7299
7300 7301
6342 7302
4074 1646
4074 7303
7304 7305
2013 7306
2013 7186
2013 3628
2013 6005
2013 5890
2013 7176
7307 7174
7307 7308
7307 3681
7307 3646
7309 7310
7309 3646
7309 997
7309 7197
7309 7311
7309 7176
7309 7312
3628 7313
3628 7175
2665 7314
2665 7185
7315 7316
7315 3732
7317 7318
7317 7265
7317 7319
2707 5996
3654 1002
3654 7310
3654 6002
3654 7320
3654 7321
3654 6006
3654 3663
3655 7322
7322 7310
7322 7313
7322 3656
7322 7176
5987 7310
5987 7306
5987 7323
5987 3681
3730 7306
3730 7324
3730 6006
3730 3817
3730 3847
3747 7325
7326 3681
7326 2666
7327 3650
7327 7174
7327 3656
3650 7328
3650 7329
3650 7308
3650 3702
3650 7330
3650 7316
7329 6005
7174 6005
7174 5983
7174 7316
3656 3651
3656 7331
7332 7316
6005 1001
6005 3681
6005 3702
6005 6009
6004 7333
6004 997
6004 7216
7334 7335
7334 6006
7334 7197
3629 998
7336 6018
7336 7337
7324 7338
7339 3702
7340 3817
5990 7341
5990 7342
5990 5908
6012 7189
3854 7343
3680 3702
998 7306
6006 3732
7308 7313
7209 3702
7209 6009
7209 7311
3681 3631
3681 7188
7197 7344
7197 7218
7216 7331
6000 7319
6000 3756
5982 7345
5982 7313
5982 3842
5890 7331
5890 3732
1502 7346
7347 7348
7347 7349
7189 7335
3682 4078
2666 3646
2666 7311
2666 3630
4121 7350
4121 2709
7265 7351
5998 3851
3631 3756
7352 7353
5983 7354
3803 7355
7335 3646
7176 3657
7330 3842
3683 7356
3630 3646
3630 3701
3630 7357
3630 3732
3732 6008
7358 7359
7360 7361
7310 6002
4142 7362
7220 2737
2824 7363
7364 7365
7366 7367
7368 7369
7370 3845
2694 7371
1621 6119
7372 7202
7373 7374
7375 3134
7376 7377
6891 5217
7378 7379
6603 7380
6603 4590
7381 7382
7383 7384
7383 7385
1098 7386
1098 7387
1098 7388
7389 7390
7391 7392
7393 7394
2555 7395
4187 7396
3821 7397
3821 7398
3821 6111
3800 3949
3894 7399
3894 7400
3728 3746
3845 7401
3845 7402
1026 6592
7342 7403
7404 7405
4100 2826
7406 7401
7407 4077
1626 7408
1626 6117
1626 7409
1060 1622
7410 7411
7410 7412
7413 7414
7413 7415
7413 7416
7417 7418
7419 7420
7419 7421
5994 7422
1540 7423
1540 7424
7425 7426
7427 6783
7427 7428
7429 6118
7429 7430
7431 7432
7431 7433
1262 7434
7435 7436
7435 7437
7438 4594
7439 7440
3141 4630
7441 7442
7443 4630
7444 7445
7446 7447
7448 7449
1046 7450
1046 7451
7452 7453
7454 2126
7455 7456
7457 7458
7457 7459
2826 7460
7461 7462
7461 7463
6780 7179
7464 7465
7464 7466
1053 7467
2352 7468
7469 7470
7471 7472
7473 7474
7475 7476
7475 7477
7478 7479
7480 7481
7480 7482
7483 6119
3819 7484
7485 7486
7485 2708
7485 1627
7485 7487
7409 7488
7409 7489
7490 7491
7489 7492
7493 7494
7495 7496
7497 7498
3420 7080
7499 7080
7500 7501
7500 7502
7503 7504
7503 7505
7503 7506
7503 6994
7507 6822
7508 7509
7508 5555
7510 7511
5819 7512
5819 3014
5819 7513
5819 7305
5819 7514
5819 7515
7516 7517
7518 7519
7518 4614
2798 5864
2798 4931
7520 7521
6998 7522
7523 7524
7525 5901
7526 7527
7528 5641
7528 7529
7528 7530
4693 7531
7532 7533
7532 7534
6914 7535
7536 7537
7538 7539
2847 7540
7541 7542
7543 7544
7545 7546
7546 7547
2791 7548
7549 7550
7551 5931
7552 7553
7554 6125
7554 7555
7554 7556
7557 7558
7559 7560
7559 7561
5911 7562
3670 7563
3814 7564
7565 4805
7565 4351
7565 7566
7565 7567
5907 7568
5907 3134
1668 7569
1668 6717
7570 7571
7572 7573
7574 7575
7576 7577
7576 7578
7576 7579
7576 7580
7581 7582
7581 7583
7584 7585
6751 7586
6751 7587
6751 7588
6751 7589
7590 7591
7592 7593
7594 7595
7596 7412
7597 5507
7598 7599
7600 7601
7602 7603
7602 7604
7602 7605
7054 7606
7607 5976
7608 7609
7610 7611
7612 7613
5078 7614
7615 7578
7616 7617
7616 7578
7618 7619
7618 7620
7621 7622
7623 7624
7625 7626
7627 7337
7628 7629
7630 7631
7632 7633
7634 7635
4124 7636
7637 7638
7639 7640
7641 7642
7641 7643
7641 7644
7645 7646
7645 7647
4727 7648
7649 7650
2932 7651
7652 7653
7654 3281
7655 7656
3527 7657
6556 1275
7658 7659
7660 7661
7662 7663
7063 7664
7665 7666
7667 7668
7667 7669
7667 5728
7670 2611
7671 7672
7673 7674
7675 7676
7677 7678
7679 7680
7681 7682
7681 7683
7681 7684
7685 7686
7687 7688
7687 7689
7690 6778
7690 4134
7691 7692
7693 7694
7695 7696
7697 7501
7698 7699
2469 7700
7701 7702
7701 2801
6763 7703
3013 7704
6789 7705
7706 7707
7708 7709
7710 7711
7710 7712
5271 7713
7714 7715
7714 7716
1969 4711
7717 7718
3906 7719
3906 7720
7721 7722
7721 7723
7721 3963
7724 7725
7726 7727
7728 3569
4278 7729
4278 7730
7731 7680
7731 7732
7733 7734
7735 5283
7735 7736
7737 7738
7739 4157
7149 7740
7741 2951
7742 7743
7742 7744
6681 7745
7746 7747
7748 7749
7750 7751
1336 7752
1336 7753
7754 7755
6140 7756
6140 7757
7758 7759
7758 7760
7758 7761
7762 7669
7762 7763
7764 7765
7263 7766
7263 7767
7263 7768
7769 7770
7769 7771
7573 7772
7573 7773
7573 7774
7775 7776
7777 7778
7779 7780
7779 6210
7781 7782
7783 2179
7784 7395
7785 7786
7787 7788
7789 1929
7789 7790
7789 7791
7789 7792
7793 4031
7794 7795
7794 7796
7797 7798
7799 6859
6067 7800
6630 7801
6630 7802
5600 7803
5600 7804
7805 7806
7807 1874
7808 7809
2445 7810
1114 3953
7387 7811
7812 7813
7812 7814
7815 7816
7815 7817
7818 7819
2631 7517
3071 7820
3247 7821
7822 7823
7824 7825
7826 7827
7828 2291
1646 7377
1646 7829
1646 7830
1646 7831
1646 6493
7832 7833
1137 7834
5308 7835
7836 7837
3249 7838
1140 5808
4870 7839
7840 7841
7842 7843
7844 7845
7844 7846
7847 7848
7849 7850
2378 7851
2499 7852
7141 7853
1150 7854
2792 7855
7856 7857
7856 7858
7859 7860
7859 7861
7859 7862
7859 7863
7859 7864
7865 7866
7867 7868
1158 7869
7870 7871
7872 7873
6251 7874
2278 7875
5001 1162
7876 5129
7877 7878
5356 7879
7880 6048
7880 7881
3536 7882
7883 7884
7885 7884
7886 7887
7888 7889
1181 7890
5764 5009
7891 7892
6755 7893
7894 6230
1770 7895
7896 7897
7898 7899
7900 7901
7902 7903
7904 7905
7906 7907
7908 4508
4655 7909
4125 7910
4125 7911
7912 7913
7075 6075
6075 7914
4283 7915
4283 7916
7817 7917
7817 7918
2266 7919
7920 7921
7920 7922
7911 7923
7924 7925
7926 7927
7928 7929
4414 7930
7931 4588
5574 7932
7933 7934
7935 7936
1209 7937
7938 7939
7940 7941
1219 7942
7943 7944
7945 7946
1220 7947
7948 7949
7950 7951
2553 6965
7952 7953
7952 7954
2539 7955
7956 7957
4336 7958
7959 7960
7961 7962
7961 4937
7963 7964
7965 7966
7965 7967
7968 7969
1970 7970
7971 7972
7973 7974
7975 7976
7975 7977
7978 7979
7980 7981
7982 7983
7984 7985
7986 7987
7988 7989
1239 7990
7991 7992
5901 7993
5901 7994
4002 7995
4002 7996
4002 7997
4002 7998
7999 8000
8001 8002
7992 8003
7992 8004
7992 6125
8005 8006
8007 8008
8007 8009
7194 8010
7194 1506
8011 8012
8011 8013
8014 8015
8016 8017
8018 8019
8020 8021
8004 8022
8023 8024
8025 8026
8027 8028
8029 8030
8031 8032
8022 8033
8034 8035
8036 8037
3815 8038
8039 8040
3336 8041
3336 8042
3336 8043
8044 8045
8046 3327
8047 8048
8047 8049
8050 8051
7613 8052
7613 8053
8054 8055
8056 8057
8058 8059
8060 8061
8060 8062
8063 8064
8065 8066
8067 8068
8069 8070
8071 4302
8071 3422
8071 7506
8071 8072
8073 8074
8073 8075
8076 7620
8076 8077
8078 8079
8080 8081
7109 8082
7109 8083
8084 8085
8084 8086
8087 8088
8089 8090
8091 8092
8091 8093
8094 8095
6151 8096
8040 8097
8098 8099
8100 8101
8102 8103
8104 8105
8106 8107
6014 4146
8108 8109
8110 8111
8112 8113
8008 8114
8115 8116
8117 8118
8117 8119
8120 8121
8120 8122
8120 8123
8120 8124
2793 3785
8125 8126
8127 6547
8128 8129
8128 8130
1865 8131
1865 8132
8133 8134
8135 8136
8137 8138
8139 8140
8141 8142
8141 5458
3574 8143
2426 5458
8144 1333
3556 3295
8145 8146
8147 8148
8147 8149
8150 8151
8152 8153
2508 8154
8155 8156
8157 8158
4850 8159
8160 8161
8162 8163
8162 8164
1264 5821
1264 6261
1264 4713
7825 8165
8166 8167
8168 8169
4536 8170
2558 8171
8172 8173
8174 8175
8176 8177
8178 8179
8180 4380
8180 8181
8182 8183
8182 6592
8184 8185
8186 8187
8188 8189
8188 8190
8191 2951
1642 8192
8193 8194
8195 8196
8197 6356
8197 8198
7512 7830
7512 8199
7512 8200
7512 4561
2414 8201
2414 8202
2414 2056
2414 8203
2414 8204
2414 8205
2414 8206
8200 8207
8200 8208
8200 8209
4556 8210
6261 7829
6261 8211
6261 8212
1278 7976
2569 8213
8214 8215
5823 8216
5823 4979
5823 6664
4561 8217
4561 1429
4561 5272
4561 8206
8216 3014
8216 1280
8216 7976
8216 4334
8216 8218
8219 8220
5822 1281
8210 8221
1279 8222
8223 8224
8223 8225
8226 8215
1281 8227
8228 8229
8230 8231
8213 8206
8232 3051
8233 8234
8235 8236
8237 8238
1766 8239
8240 8241
8240 4984
8242 8243
8244 8245
8246 8247
8248 8249
8250 8251
8252 8253
8254 6602
8255 8256
8257 7629
8257 8258
8259 8260
8261 6034
8262 8263
8264 7821
8265 8266
3417 8267
8268 7823
8268 8269
5618 8270
4502 8271
4502 4504
5423 8272
5423 8273
8274 8275
2756 8276
8277 8278
8277 6034
8277 8279
7803 8280
7803 8281
7803 8282
8283 8284
8283 2917
8285 7819
3959 8286
8287 8288
7374 8289
8290 8291
8292 8293
4297 8294
3263 4464
8295 5683
8296 8297
8298 8299
8298 8300
8298 8086
8298 8301
8298 8302
8298 8303
8298 8304
8298 8305
8298 8306
8298 8307
8298 8308
1449 8309
1449 8310
8311 4504
8312 8313
8314 8315
6655 8316
8317 8318
8317 5680
7094 8319
1444 8320
5205 8321
8322 8323
8322 8324
3122 8325
3122 8326
8327 8328
8329 8330
8331 8332
8333 8334
8335 8336
8337 6756
8338 2968
3145 7651
8339 8340
8341 6711
1379 8342
8343 8344
6718 4931
6718 8345
6718 8346
8347 8348
5274 8349
8350 8351
8352 8353
8354 8355
4468 8356
6880 8357
1387 3523
8358 8359
4871 8360
8361 8362
8361 8363
8364 8365
1399 8366
3555 8367
3555 7593
8368 8369
8368 8370
8368 8371
8372 8373
8372 8374
8375 8376
1974 8377
8378 2301
1465 8379
8380 8381
8382 8383
8384 8385
8384 8386
1411 8387
8388 8389
8390 8391
8392 8393
8394 8395
8396 8397
8398 8399
8400 8401
8400 3200
8402 8403
8404 8405
5377 8406
4579 8407
8408 8409
8408 6102
8410 8411
8412 8413
4594 8414
8415 8416
8417 5854
8417 8418
8417 2735
8419 8420
8421 8422
3406 8423
8424 8425
7644 8426
8427 8428
8427 8429
8425 8430
8425 8431
8425 8432
6462 8433
6462 8434
1426 8435
1426 5083
8436 8437
8438 8439
8440 8441
8442 8443
2337 4893
8444 8445
2762 8446
2762 8447
2762 8448
7567 7091
4520 8449
4520 8450
5545 8359
2251 8451
8452 8453
8454 8455
8456 8457
8458 8459
8460 5808
8461 8462
8463 8464
8465 4672
8465 2806
8466 8467
8171 8468
8469 3123
8470 8471
8470 8472
8473 8474
8474 8475
8474 8476
8477 8478
7672 3562
8479 8480
8481 7170
8482 8483
8484 8485
5199 8486
5199 8487
8488 8489
8490 5202
7663 8491
8492 8493
7382 8494
7382 8495
8496 8497
8498 8499
8500 8501
8502 8503
8504 8505
8506 8507
8506 8508
8509 7766
1709 8510
1709 8511
8512 8513
8514 8055
6796 8515
8516 8517
8518 4214
8518 8519
3063 8520
8521 8522
8523 8524
8525 8526
8527 8528
6119 8529
3851 8530
8531 8532
8533 7256
8534 8535
8536 8537
8538 8539
7611 7768
8540 2704
8541 8542
1627 8543
3796 8544
3796 8545
3796 8546
8532 3852
6029 8547
8055 1623
2709 6791
2709 8548
8549 6592
8550 8551
4755 2842
8552 8553
8554 8555
8556 8557
8558 8559
7351 8560
8561 8562
8563 8564
8565 8566
8567 1715
8568 8569
7215 8570
4104 8571
8572 8573
8572 8574
8575 8576
8577 6995
8578 8579
1552 8580
8581 8582
8583 8584
8585 8586
8587 8588
8589 8590
8589 8591
3332 3324
1558 8592
8593 8594
8595 8596
8597 8598
8599 8600
4066 7857
8601 2836
7259 8602
6020 8603
8604 8605
8606 8607
8608 8609
8610 6226
1583 8611
8612 8613
2674 5905
8614 8615
8616 8617
8618 8619
8620 8621
8622 8623
8624 8625
8624 8626
8624 7997
8627 1683
3040 8628
8629 8630
8631 5794
8632 8633
8634 8635
2018 8636
8637 8638
8639 8640
8641 8642
2951 7200
2951 8643
1630 8644
1630 8645
1630 8646
8647 8648
8649 8650
8651 8652
8653 8654
8655 8656
7447 8657
8658 8659
8660 8661
8662 8663
8664 8665
8666 8667
8666 8668
8666 8669
8670 8671
6034 8672
6034 8673
8667 8674
8667 8675
8676 8677
8674 8678
8679 8680
8671 8681
8671 8682
8672 8683
8684 8685
8686 8687
8688 8689
7288 8690
8691 8692
8693 8694
8693 8695
8696 8697
8698 8699
8700 8701
8702 8703
8704 8705
8706 5751
2428 8707
2428 8708
5228 8709
1690 6883
4378 8710
4200 8711
4200 8712
8713 8095
8269 8714
8715 8716
8717 8718
8719 5649
8720 8721
8722 8723
8724 8725
8724 8726
1714 8727
1715 8728
8499 8729
8499 8730
8499 8731
8732 8733
7780 8734
7780 8735
8736 8737
8738 8739
8740 8741
8742 6893
8743 8744
3001 8745
8746 8747
8748 8749
8750 8751
1741 8752
8753 8754
8755 8756
8757 8758
8759 8646
8760 8761
4461 8762
4461 8763
4461 7998
8764 8765
8766 8767
8768 8769
8770 8771
8770 8302
8068 8043
4244 8772
8773 8774
8775 8776
8777 8778
8779 8780
8781 8782
8762 8783
8784 8785
8784 8786
5648 8787
8788 8789
4330 8790
8791 8792
8793 8794
8795 8796
8797 8798
8799 8800
8801 8802
8803 5385
8306 8041
8306 8804
7159 4954
8805 8806
8807 8808
1786 8809
8810 5410
8810 8811
8812 8813
8812 8814
8815 8816
8817 8818
6833 8819
8820 4747
8821 8822
8821 8823
8824 8825
8826 8827
8828 8829
8830 8831
8832 8833
8834 8835
8836 8837
8836 8838
8839 8840
4352 8841
8842 8843
6700 8844
6700 8845
8846 8847
8848 8849
8850 8851
8852 8853
8854 8855
8856 6963
8857 8858
8859 8860
7792 8861
8862 8863
8864 8865
3772 8866
3772 8867
8645 8868
5536 8869
8870 8871
8870 8872
8873 8874
8875 8876
8876 8877
8878 8879
8880 8879
8881 8882
8881 8883
5135 8884
8885 8886
8887 8888
8889 8890
8891 8892
8893 8894
8895 8896
8897 8898
8899 8900
8899 8901
8899 8902
8903 8904
8905 8906
8907 8908
8260 8909
8910 8911
8912 8913
4235 8914
7923 1896
8915 8916
8917 8918
8917 8919
8920 8921
8922 8923
8924 8925
8926 5796
8927 8928
8929 6579
5749 8930
8931 8932
7969 8933
8464 8934
8464 8371
8935 8936
6498 8937
8136 8938
8939 8940
8941 8942
8943 8944
8945 8449
8946 8947
8948 8949
8950 8951
8950 8952
8953 8954
8955 8956
8957 7972
5577 8958
8959 8960
8961 8962
8963 8964
8963 8965
5025 8966
1977 8861
8967 2140
8968 4157
8969 8970
8971 8972
5993 8973
8974 8975
8974 8976
3974 6784
8977 8978
1993 8979
8980 8981
8980 8982
8983 8984
8985 8986
8987 8988
8989 5913
8990 8991
8992 8993
6877 8241
8994 8995
6828 8996
8997 8998
8997 8999
9000 9001
9000 9002
7380 9003
6493 9004
6493 9005
5330 9006
5330 9007
9008 9009
6425 9010
9011 9012
9013 9014
9015 9016
9015 9017
9018 9019
9020 9021
9022 9023
9024 9025
9026 9027
3953 9028
9029 9030
9031 9032
9033 9034
9035 9036
9037 9038
9039 9040
9041 9042
9043 9044
9045 9046
9047 9048
4523 9049
7837 9050
9051 9052
9053 9054
9055 9056
9055 9057
9058 9059
6669 6354
2754 9060
9061 6224
9062 9063
9064 9065
2673 9066
2673 9067
6812 9068
9069 9070
9071 9072
9073 9074
9075 9076
9063 9077
4796 9078
9079 9080
9070 9081
9070 9082
9070 9083
9084 9085
7953 8351
7953 9086
9087 9088
9089 2538
9090 2268
9091 9092
9093 9094
9093 9095
9096 9097
2179 9098
9099 9100
9101 9102
2653 9103
9104 9105
8165 9106
8165 9107
8892 9108
9109 9110
9111 9112
9113 9114
9113 9115
9116 9117
7068 9118
9119 9120
9121 9122
9123 9124
9125 8309
9126 9127
9128 9129
5855 9130
5855 9131
9132 9133
9134 9135
9134 9136
9137 9138
9139 9140
5272 9141
8224 9142
9143 9144
9145 9146
6065 9046
9147 9148
9149 9150
9151 9152
9153 9150
5464 9154
9155 6745
9156 9157
9158 7385
9158 4578
9159 2430
9160 9161
9160 9162
9163 9164
9165 9166
9167 9168
9169 9170
9171 9172
9173 9174
9175 9176
9177 9178
9179 9180
9181 9182
9183 9184
9185 9186
9187 9188
2325 9189
9190 9191
9192 9193
9194 9195
9196 9197
9198 9199
9200 9201
9202 9203
9202 9204
9205 9206
9207 9208
9209 9210
9209 9211
9209 9201
9212 9213
9214 9215
9216 9217
9218 9219
9220 9221
9222 3965
9223 9224
2357 9225
6471 9226
9227 2358
4313 9228
9229 9230
2366 9231
9232 9233
9232 9234
9235 9236
2358 9237
9238 9239
9238 9240
9241 9242
9208 9243
9234 9244
9206 9245
2359 9240
2784 9246
2784 9247
9248 9249
9250 9251
9252 3777
9253 9254
9255 9256
9257 9245
9210 9258
9259 9260
4325 8012
9261 9262
9261 9263
9264 9265
9264 9266
9267 9268
2902 9269
5380 9270
9271 9272
9273 9274
7705 9275
9276 9277
5007 9278
9279 9280
9281 9282
9283 9284
9285 4913
9286 9287
2460 7511
9288 9289
9290 9291
3741 9292
9293 4915
2823 9294
7944 9295
4893 9296
9297 9298
8923 9299
9300 9301
9302 9303
9302 8075
9304 9305
9304 7111
9306 9307
9308 9309
2860 9310
9311 8220
9311 9312
9313 9314
9315 9316
9317 9318
9319 9320
9321 9322
2543 9323
9324 9325
9326 6952
9327 9328
9329 9330
9329 9331
9332 9333
9334 9335
9336 9337
9338 9339
9340 9341
9342 9343
9344 9345
9346 9347
9348 9349
2590 9350
2590 7782
9351 9352
9353 9354
8143 9355
8143 7267
9356 9357
9358 9359
9360 9361
9362 9363
9364 9365
7929 9366
9367 9368
9369 9370
9371 9372
9373 9374
9373 9375
9376 8320
9377 9378
9379 9380
9381 9382
9383 9384
9385 9386
2652 9387
2657 9388
9389 5905
9390 9391
9392 9393
3927 9394
9395 9396
9397 9398
9399 9400
9401 9402
9277 9403
9404 9405
3324 9406
8590 9407
8590 9408
8590 9409
9410 9411
6421 9412
6421 9413
9414 9415
2751 9416
3134 9417
3134 9418
9419 9420
2721 9421
7223 7398
9422 9423
9424 9425
7650 9426
9427 9428
9429 9430
9431 9432
9431 9433
7120 9434
9435 9436
9437 9438
9439 9440
5730 9441
5730 9442
5730 9443
6095 9444
7521 9445
6541 4690
6541 9446
9447 9448
9449 9450
8744 9451
9451 9452
6776 9453
6592 9454
6592 9455
3334 9456
9457 9458
9459 9460
9461 9462
2834 9463
3768 9464
9465 9466
9465 9467
9468 9469
2845 9470
9471 4664
9472 9473
9474 5826
9475 9476
9477 9478
9479 9480
9479 9481
9482 9483
9484 9485
9486 9487
9486 9488
9489 9490
9491 9492
9493 9494
9495 9496
9497 9498
9499 9500
9501 9502
5852 6496
8003 9503
9504 9503
9503 9505
6125 7555
9505 7555
9506 9507
9508 9509
9508 9510
9511 9512
6354 9513
9514 9515
9516 9517
9518 9519
9509 9520
9509 9521
9522 9523
9524 9525
9526 9527
9528 9529
9530 9531
9532 9533
9534 9535
9536 9537
2954 9538
9539 8462
9540 9541
9542 9543
9544 9545
5699 9546
9547 9548
9005 9549
8075 9550
9551 9552
5385 9553
9554 9555
9556 2990
9557 9558
9559 9560
9561 9562
9563 9564
7977 9565
9566 9567
9566 9568
9569 9570
9571 8956
9572 9573
9574 9575
9576 9577
9578 9579
9580 6211
9581 9582
9581 9583
9581 9584
4334 9585
9586 9587
9588 9589
9590 9591
9592 9593
9594 3876
9595 9596
9597 9598
9597 9599
9600 9601
9600 9602
9600 9603
9604 5344
9605 9606
9605 9607
9608 9609
9610 9611
9612 9613
9614 9615
9616 9617
9618 9619
9620 5645
9621 9622
9623 9624
9625 9626
9627 9628
9627 9629
4053 8049
9630 9631
9630 9632
9633 3129
7091 9634
7506 9635
9636 9637
9638 9639
7501 9640
7501 9641
9642 9643
3123 9644
9645 5344
9645 7502
9645 6168
8049 6168
8049 9646
6750 7080
6750 9647
6750 9648
9649 9483
7080 9650
9651 9652
9653 9654
9655 9656
9657 9658
9659 5365
9660 9661
9662 9663
8072 9664
8072 9665
9629 9186
7678 9666
9667 9668
9669 8564
3260 9670
8142 9671
8790 4498
8790 9672
8790 9673
9674 9675
9296 9676
9677 9314
9678 9679
9680 9681
9682 9683
8462 9684
7466 9685
9686 9687
3576 9688
9689 9690
9691 9692
9693 9694
9695 8459
9393 9696
9697 8222
9697 9698
9699 9700
9701 9702
9703 9704
9705 9706
9707 9708
4576 9709
4576 9710
9709 8712
9711 9712
8712 8095
9713 9714
9715 9716
9715 9717
9718 9719
9720 9714
9720 9721
9722 9723
9724 9725
9724 4659
9726 9727
9728 9729
4070 9730
9731 9732
9733 9734
9735 9736
9737 9738
9739 9740
9741 9742
9743 5816
9744 9745
9746 9747
9748 9749
9458 9750
8646 9751
8646 9752
9753 9754
9755 9756
8041 9757
9758 9759
9758 9760
9761 9762
9763 9764
9765 7998
9320 9766
9767 9768
9769 9770
7743 9771
7743 9772
9773 9774
9775 9776
9775 9777
9775 9778
3342 9779
8731 9780
9781 9782
9783 9784
9785 9786
9776 3344
9776 9787
9776 9788
9789 9790
9791 9792
8437 9793
8437 9794
9795 9796
9795 8847
9797 9798
9799 9800
9801 9802
7511 9803
9804 9805
9806 9807
9808 9809
9810 9811
9812 9813
9814 9815
8827 9816
6816 9817
6816 9818
9819 9820
9821 9822
9823 9824
9825 7101
9826 9827
9828 9829
9830 9831
9832 9833
9834 9835
9836 9837
9838 9839
9840 9841
5744 9841
9842 9841
9843 9844
3471 9845
9846 9847
9848 9849
7998 7996
9850 7303
9851 9852
9853 9854
9855 4425
9856 9857
9858 9859
9860 9861
6956 7668
5548 9862
9863 5332
6662 9864
9865 9866
9867 9868
9869 9870
9869 9871
9869 9872
9873 9874
4346 9875
9876 9877
6995 7755
9878 9879
9880 9881
9882 9098
9883 9884
9885 9886
9887 9888
9889 9890
9889 9891
9889 9892
9893 9894
9895 9896
9897 9898
9899 9900
7199 9901
7566 9902
9903 7502
9904 9905
9906 9907
9908 9909
9910 9911
9912 9913
9914 8391
9915 9916
9917 9918
9919 9920
6959 9921
9922 9923
9924 9925
9926 9927
9928 9929
9930 9931
7056 9932
9933 7200
9934 9935
9936 9937
9938 9939
9940 9941
7028 9942
7028 9943
9115 9944
9945 9946
9945 9947
9945 9948
9949 9950
9951 9952
9951 4286
7925 9953
9954 9955
3923 9956
9957 9958
9959 9960
9961 9962
5854 9963
9964 9965
9966 9967
9968 9969
9028 3954
9970 9971
9972 9664
9973 9974
3963 9975
9976 7722
9976 9977
9976 9978
9979 9980
9981 9982
9983 9978
9984 9975
9985 7723
9986 9982
9987 9988
9987 9980
9989 9990
8796 9991
9992 9993
9994 9995
7135 9996
7135 9997
9998 9999
10000 10001
10002 10003
8308 10004
10005 10006
10005 10007
10005 10008
10007 10009
10007 10010
7996 8085
7996 10011
10012 10013
10014 8981
10015 10016
10017 9762
10018 10019
8493 10020
10021 10022
10023 5728
4177 10024
9759 10025
10026 7755
10008 10027
10028 10029
10030 10031
9993 10032
10033 10034
10035 10036
10037 10038
10039 8774
10040 10041
10042 10043
10044 10045
9777 10046
10047 10048
10048 10049
10050 10051
8726 10052
8726 10053
10054 10055
9770 10056
10057 10058
10059 10060
10061 10062
10063 10064
10065 10066
10067 10068
10067 10069
8052 10070
10071 10072
10073 10074
10075 5247
10076 10077
10076 10078
10079 10080
6957 10081
6957 10082
6957 10083
10084 10085
10086 10087
8515 10088
10089 10090
10091 10092
9585 10093
10094 10095
10096 10097
10098 10099
10100 10101
10102 10103
10102 10104
10105 10106
10107 10108
10109 10110
10111 10112
10113 10114
10114 10115
10116 10117
10118 10119
10120 10121
10122 6073
10122 10123
10124 10125
10126 10127
8123 5728
10128 10129
10128 10130
9246 10024
10081 10131
7617 10132
10133 10134
10131 9921
10135 10136
10135 10137
10123 10138
7580 10139
6113 10092
10082 10140
10141 10142
10143 10144
10145 10146
10147 10148
10149 10137
10150 10151
10152 9925
10153 10154
10155 10156
10157 10158
4204 10159
10160 10161
10161 10162
10163 10164
10036 10165
5525 10166
10167 10168
10169 10170
9040 10171
10172 10173
10174 10175
10176 10177
10178 10179
10180 10181
10182 10179
10183 10181
10184 10185
10186 10187
10188 10189
10190 10191
10192 10193
10192 10194
10195 10196
10195 10197
10198 10199
10200 10201
10202 10203
4312 10204
8334 10205
10206 10207
10206 10208
10209 10210
10211 10212
10213 4328
9520 10214
10215 10216
10214 9510
10217 10218
10217 10219
10220 10221
10222 10223
10224 10225
10226 10227
10228 10229
10230 10231
8626 10232
10233 10234
10235 10236
10237 10238
10239 10240
10241 10242
10243 10244
10245 8869
8869 10246
8894 8918
10247 10248
10249 10250
10251 10252
10253 10254
10255 10256
8783 8303
8783 7995
8783 10257
10258 5390
10259 10260
10261 10262
10263 10264
10265 10266
4590 10267
10268 7899
10269 10270
10271 10272
10103 10273
5247 10274
5247 10275
10276 10277
10278 10279
10280 10281
10282 10283
10284 10285
7303 10286
10287 10288
10289 10290
10291 10292
10293 10294
10295 10296
10297 10298
4654 10299
10034 10300
10301 9012
10302 10303
10304 10305
10306 10307
10308 10309
10310 10311
10312 8433
10313 10314
10313 10315
10316 10317
10318 10319
10320 10321
10322 10323
9641 10324
10325 10326
9426 10327
10328 10329
10330 10331
10332 6398
10333 10334
7657 10335
10336 10337
10336 10338
10339 10340
10341 10342
10343 10344
10345 10346
9349 10347
10348 10349
10350 10351
9180 10352
10300 10353
10354 10355
10356 10357
10356 10358
10356 10359
7053 10360
10361 10362
8043 10363
10364 10365
10366 10367
10368 10369
5219 10370
7085 10371
10372 10373
10374 10375
10376 10377
10378 10379
10380 10381
7878 10382
5039 10383
10384 10385
10386 10387
10388 10389
10390 10391
10392 10393
10394 10395
10394 10396
10397 10398
10399 10400
10401 10402
10403 10404
10405 10406
10407 10408
10409 10410
10411 10412
10413 10414
5234 10415
10416 10417
10418 8714
10418 10419
10420 10421
10420 10422
10423 10424
10425 10426
10427 10428
9584 10429
10430 10431
10432 10433
10434 10435
10436 10437
10438 10439
10440 10441
10442 10443
6189 5799
10444 10445
10446 10447
10448 10146
10449 10450
10451 10452
10453 10454
10455 5974
10456 10457
10458 10257
10459 10460
10461 10462
10463 10464
10465 10466
10467 10468
9611 10469
10470 10471
10472 10473
10474 10475
10476 10477
10476 10478
10479 5641
10479 10480
10481 10482
10483 10484
10485 10486
10487 10488
10489 10490
10491 10492
7647 10493
10494 10495
10496 10497
10498 10499
10500 10501
10502 10503
10504 10505
10495 10506
10507 10508
10507 10509
10510 10511
10512 10513
10514 10515
10516 10517
10518 10475
10519 10520
10521 10522
10523 10524
10525 10526
10527 10528
9127 10077
10529 10530
6444 10531
10532 10533
10534 10535
10536 10537
10538 10539
8447 10540
10541 10542
10543 10544
10545 10546
10547 10548
10549 10550
10551 10552
10553 10554
10555 10556
10557 10558
10559 10560
10561 10562
10563 10564
8441 10565
10566 10567
10568 10569
10570 10571
10572 10573
10574 10575
10576 10577
9602 10578
10579 6882
10580 10581
10582 10583
6115 10584
10585 10586
9907 10587
10588 10589
10590 10591
10592 10593
10594 10595
10596 10597
10598 10599
10600 10601
10602 10603
10604 9086
10439 10605
10606 10607
10608 9203
8017 10609
10609 10610
10611 10612
10613 10614
10615 10616
10617 10618
10617 10619
6295 10620
10621 10622
10623 10624
10625 10626
8494 10627
6323 10628
10629 10630
10631 10632
10633 10634
10635 10636
10637 10638
10637 10639
10640 10641
10642 10643
10006 8625
10644 10645
10646 10647
10648 6960
10649 10650
6439 10651
10652 10653
6453 10654
10655 10656
10657 10658
10659 10660
10661 10662
10663 10664
10665 7143
10666 10667
10668 10669
10670 10671
10672 8324
10673 10674
10675 10676
10677 10678
10578 10679
10680 10681
10682 10683
10684 10685
10686 10687
10688 10689
10690 10691
10692 6607
10693 10694
10695 10696
8373 10697
10698 10699
10700 10701
10506 10702
10703 10704
10705 10706
8459 10707
10708 10709
7081 10710
10711 10712
10713 10714
10715 10716
10717 10718
10719 10720
10721 10722
10723 10724
10725 10726
10727 10728
10729 10730
10731 9861
10732 10733
10734 10735
10736 10737
8687 8678
10738 10739
10740 10741
10742 10743
8619 10744
10745 10746
10747 10748
10747 10749
10747 10750
10751 10752
10753 10754
10755 10756
10757 10758
10759 10760
10761 10762
10763 10764
10765 10766
10767 8389
10768 10769
10770 10771
10772 10773
10774 10775
10776 10777
10778 10779
10780 10781
10782 10783
10784 10785
10786 10787
10788 10789
10058 10790
10490 10791
10792 10793
10092 10794
10795 10796
10797 10798
10799 10800
10801 10802
10803 10804
10805 10806
10807 10808
10809 10810
10811 10812
10813 10814
10815 10816
10817 10818
10817 10819
10820 10821
10822 10823
7579 10138
10824 10825
10826 10827
8015 10828
9420 10829
10830 10831
10832 10833
7633 10834
10835 10836
10837 10838
10839 10840
10841 10842
10843 10844
10845 10846
10845 10847
10848 10849
10850 10851
7749 10852
10852 10853
10852 10854
10855 10856
10857 10858
10859 10860
10861 10862
10863 10864
10865 9408
10866 10867
10868 8725
10869 10870
10871 10872
10873 10874
10875 10876
10877 10878
10879 10880
10881 10882
10883 10884
10885 10886
10887 10888
10889 10890
10891 10892
10893 10894
10895 10896
10897 10898
10899 10900
10901 10902
10903 10904
10905 10906
10907 10908
10907 10909
10910 10911
10912 10913
10914 10915
10916 10917
10918 10919
10920 10921
10922 10923
10924 10925
10926 10927
10928 10929
10930 10931
10932 10933
10934 10935
10936 10937
10938 10939
10940 10941
10942 10943
10944 10945
10946 10947
10948 10949
10950 10951
8489 10952
10953 10954
10955 10956
10957 10958
10959 10960
10961 10962
10963 10964
10965 10966
10967 10968
10969 10970
10971 10972
10973 10974
10975 10976
10977 10978
10979 10980
10981 10982
10983 10984
10985 10986
10987 8867
10988 10989
10990 10991
10992 10993
10994 10995
10996 10997
10998 10999
11000 11001
11002 11003
11004 11005
11006 11007
11008 11009
11010 11011
11012 11013
11014 11015
11016 11017
11018 11019
11020 11021
11022 11023
11024 11025
11026 11027
11028 11029
11030 11031
11032 11033
11034 11035
11036 11037
11038 11039
11040 11041
11040 11042
11043 11044
11045 11046
11047 11048
11049 11050
10964 11051
11052 11053
11054 11055
11056 11057
11058 11059
11060 10051
11061 11062
11063 11064
11065 10396
11066 11067
11068 11069
9955 11070
9955 11071
11072 11073
11074 11075
11076 11077
11078 11079
10004 11080
11081 11082
11083 11084
11085 11086
11087 11088
11089 11090
11091 11092
11093 11094
11095 11096
11097 11098
11097 11099
11100 11101
11102 11103
11104 11105
11106 11107
11108 11109
11110 11111
11112 11113
11114 11115
11116 11117
11118 11119
11120 11121
11122 11123
11124 11125
11126 11127
11128 11129
11130 11131
11132 11133
11134 11135
11136 11137
11138 11139
11140 11141
11142 11143
10554 11144
11145 11146
11147 11148
11149 11150
11151 11152
11153 11154
11155 11156
11157 11158
10638 11159
11029 11160
11161 10701
11161 11162
11163 11164
11165 11166
11167 11168
11169 11170
11171 11172
11173 11174
11175 11176
11177 11178
11179 11180
10847 11181
11181 11182
11183 11184
11185 11182
11186 11187
11187 11182
11188 11189
11190 11191
11192 11193
11194 11195
11196 11197
11198 11199
11200 11201
11202 11203
11204 11205
11206 11207
11208 11209
11210 11211
11212 11213
11214 11215
11216 11217
11218 11219
11220 11221
11222 11221
11223 11224
11223 11225
11226 11227
11228 11229
11230 11231
11232 11233
11234 11235
11236 11237
11238 11239
11240 11241
11242 11243
11244 11245
11246 11247
11248 11249
11250 11251
11252 11253
11254 11255
11256 11257
11258 11259
11260 11261
11262 11263
11264 11265
