0 1
0 2
0 3
4 5
4 6
4 7
4 8
4 9
4 10
11 12
13 14
15 16
15 17
15 18
15 19
20 21
20 22
20 23
20 24
20 1
20 25
20 26
20 27
20 28
20 29
20 30
20 31
20 32
20 33
21 34
21 35
36 37
38 39
40 41
40 42
40 43
40 44
40 45
40 46
40 47
40 48
49 50
49 51
49 52
49 53
49 54
49 55
56 57
58 59
58 60
58 61
58 62
58 63
58 64
65 66
65 67
65 68
65 69
65 59
65 70
65 71
72 73
72 74
72 75
76 77
76 78
76 79
76 80
76 55
81 82
81 83
81 22
84 85
84 86
87 88
22 89
22 90
50 91
50 92
50 93
50 94
50 95
50 67
50 96
50 97
50 98
50 99
50 100
50 101
50 102
50 103
50 104
105 106
105 107
105 108
5 109
5 110
5 111
5 112
5 113
5 114
5 115
5 116
41 117
118 119
120 121
120 122
120 123
120 124
120 125
120 126
120 127
120 128
120 129
120 130
120 131
132 133
132 134
132 135
132 136
132 137
132 138
132 139
132 140
132 141
132 142
132 143
132 144
132 145
132 146
132 147
148 149
23 150
23 151
23 152
23 153
23 154
23 155
23 156
23 157
23 158
23 159
23 160
23 161
23 162
23 163
23 164
23 165
23 166
23 167
23 168
23 169
23 170
23 171
23 172
23 173
23 174
23 175
23 176
23 177
23 178
23 179
23 180
23 181
23 182
23 183
23 184
23 185
42 186
24 187
24 89
24 188
24 189
24 190
24 191
24 192
43 193
16 194
16 195
16 196
16 197
16 198
16 199
16 200
16 201
16 202
16 203
16 204
16 205
16 206
16 207
16 208
16 209
16 210
16 211
16 212
16 213
16 214
16 215
16 216
16 217
16 218
219 220
219 221
219 222
219 223
219 224
225 226
69 227
69 228
69 229
69 230
69 28
69 231
69 232
69 233
69 234
69 235
236 103
236 237
236 238
239 240
241 242
243 244
243 245
243 246
247 248
247 249
247 157
250 251
250 252
250 253
250 113
250 254
250 255
250 256
257 258
257 259
257 260
257 261
262 263
109 264
109 265
109 266
267 268
269 270
269 271
77 272
77 273
77 274
77 275
77 276
77 277
77 278
77 279
110 280
110 281
110 282
39 283
284 285
286 59
287 288
287 289
287 290
287 291
287 292
287 293
287 294
287 295
287 296
287 297
287 298
299 300
301 246
302 303
304 305
304 306
304 307
304 308
304 309
304 310
304 311
304 298
304 312
304 313
304 314
304 315
304 316
304 317
304 318
304 319
304 320
304 321
304 322
304 323
304 324
304 325
304 326
304 327
304 328
329 330
329 331
329 332
329 333
334 335
246 336
246 337
246 338
246 339
246 340
246 341
342 343
251 344
251 345
251 346
251 347
251 348
251 349
251 350
251 351
251 352
251 353
251 354
251 355
251 356
251 357
251 358
251 359
251 360
251 361
251 362
251 339
251 363
251 364
251 365
251 366
251 367
251 368
251 369
251 370
251 371
372 373
374 227
375 376
377 376
378 379
380 171
381 382
381 383
381 384
381 192
381 385
381 386
381 387
381 388
381 389
26 390
26 391
26 392
26 121
26 393
26 394
395 396
395 397
395 398
395 399
395 364
395 400
395 401
395 402
395 403
404 405
404 406
34 407
34 408
34 409
34 410
34 185
34 411
412 413
412 414
412 386
412 415
412 227
416 417
416 418
416 419
416 192
416 420
416 421
416 422
416 423
424 425
426 427
428 429
428 430
428 44
428 431
432 433
432 434
432 435
432 389
432 436
432 437
432 438
432 439
432 440
432 441
432 442
432 443
432 444
432 445
432 446
432 447
432 448
432 364
432 449
432 450
451 452
451 453
451 454
455 456
455 457
455 386
455 458
455 459
227 460
227 461
227 462
227 463
227 464
227 465
227 466
227 467
227 468
227 469
227 470
227 471
227 472
227 473
227 474
227 475
227 476
227 477
227 478
227 184
227 479
480 481
480 482
480 483
480 484
480 485
384 121
384 486
384 487
384 488
384 489
384 490
384 491
384 492
493 494
493 495
493 496
493 497
493 498
493 499
493 500
501 502
503 504
505 75
505 506
505 507
505 508
505 122
505 509
510 511
510 512
510 513
510 514
510 203
510 515
510 516
517 518
519 520
419 521
419 192
419 522
419 523
419 524
419 525
526 527
526 528
526 45
526 529
526 530
526 531
526 532
526 533
526 534
526 535
536 537
536 538
539 336
539 540
539 541
539 542
539 543
539 544
539 545
539 546
539 547
539 548
539 549
539 550
539 551
552 345
429 553
429 554
429 555
429 556
557 28
558 389
559 560
559 561
253 405
253 61
562 292
563 564
563 565
566 567
566 123
113 568
113 569
113 570
113 571
113 55
113 572
573 574
573 575
573 576
573 577
573 578
573 579
573 580
573 228
573 581
573 582
573 583
573 584
573 585
573 586
573 587
573 588
573 589
573 590
573 591
573 592
573 593
573 594
573 595
573 596
573 597
598 599
600 601
600 602
600 603
600 604
574 605
64 578
64 606
607 608
609 610
171 121
171 611
171 612
171 613
171 614
171 615
171 616
171 617
171 618
171 619
171 620
171 621
171 622
460 623
460 624
460 625
121 626
121 627
121 628
121 499
121 629
121 630
121 631
121 632
521 633
521 634
521 635
521 636
521 637
521 638
521 639
521 640
521 641
521 642
643 644
643 645
643 646
643 647
643 648
122 649
122 291
122 650
122 651
122 652
122 653
122 654
433 655
433 656
433 657
433 658
192 659
192 660
192 661
192 662
192 663
192 664
192 665
192 666
667 668
667 669
667 434
667 564
434 661
434 670
434 671
672 673
498 674
675 676
675 677
678 679
678 680
678 681
195 682
195 683
195 684
195 685
195 686
687 688
689 690
689 691
689 692
689 631
689 693
680 661
680 694
680 695
696 697
696 698
696 556
696 699
696 700
696 701
696 702
696 703
696 704
696 705
706 707
706 708
706 709
706 710
711 712
711 713
711 714
711 183
711 715
716 717
716 718
719 720
719 143
719 721
719 722
723 724
723 725
726 727
530 728
530 729
530 142
486 405
486 730
6 731
6 732
6 733
6 734
6 735
6 736
737 738
724 739
740 741
611 742
743 744
745 746
745 747
745 748
745 749
745 750
745 751
745 752
745 753
745 754
745 755
745 756
745 414
745 757
745 758
386 438
386 759
386 760
386 761
762 763
762 764
762 405
762 765
766 767
768 769
768 770
768 679
768 771
768 772
768 773
768 774
768 775
776 777
778 779
778 780
781 782
781 427
781 496
783 784
785 786
787 788
787 789
790 791
790 792
793 794
795 796
795 797
798 799
800 801
800 802
800 803
499 804
805 806
805 807
808 809
810 811
812 813
812 814
812 815
816 817
816 818
816 819
816 820
816 699
816 821
822 823
824 825
759 826
759 827
828 829
828 830
828 831
828 832
828 833
828 834
828 835
836 837
836 838
839 840
839 841
842 620
843 844
843 845
843 846
843 847
848 849
848 99
850 851
850 852
850 853
673 854
8 855
856 857
858 859
860 861
767 390
862 863
564 864
865 866
867 868
869 870
869 871
869 872
869 873
869 874
869 875
869 876
869 877
869 878
879 880
879 881
879 882
883 884
99 885
99 886
99 887
888 889
888 890
888 891
888 892
893 894
893 895
893 896
893 368
893 897
893 898
899 900
901 902
903 154
904 905
579 906
907 908
909 910
909 911
909 912
909 913
909 914
915 916
917 918
917 919
307 920
307 921
307 922
307 923
355 924
925 926
925 927
925 928
925 929
925 930
925 931
925 932
880 933
880 934
880 935
880 936
880 739
880 339
937 938
937 939
809 940
941 942
941 943
941 944
941 945
941 946
941 947
948 949
950 951
950 952
950 953
954 955
956 595
957 958
957 959
960 961
962 963
964 965
964 966
967 968
969 970
969 971
969 835
356 972
356 973
356 974
356 975
356 976
356 977
356 978
356 979
356 980
297 981
982 983
982 984
982 985
986 987
988 989
990 991
992 993
994 995
994 996
997 998
999 1000
999 1001
1002 1003
1002 1004
1002 1005
1002 1006
1007 1008
1009 1010
1011 1012
1013 929
1013 1014
1015 1016
1017 1018
1019 1020
1021 1022
1023 1024
1023 1025
1023 1026
1027 1028
1029 1030
1031 1032
1033 1034
983 1035
697 1036
697 1037
697 1038
697 1039
697 1040
697 1041
1042 1043
1044 1045
436 1046
436 1047
436 1048
1049 1050
1051 1052
1053 1054
1053 1055
660 1056
660 1057
1058 1059
1060 1061
1060 1062
1060 1063
1064 1065
1066 620
1067 1068
1067 1069
1070 1071
1070 1072
1073 1074
963 1075
1076 1077
1078 1079
1080 1081
154 414
154 1082
154 1083
154 1084
1085 441
1085 582
1085 1086
1085 438
1085 1087
1085 695
708 1088
708 714
1089 1090
1089 1091
661 679
661 1092
661 1093
661 491
661 1094
1095 1096
1095 391
1095 668
1095 1092
1095 1097
1095 827
1095 1098
1099 1100
1101 1102
25 1103
25 1104
25 742
25 1105
25 488
1106 655
1106 714
1107 1108
754 1109
754 1110
754 1111
754 1112
754 1113
754 1114
754 1115
754 156
754 1116
754 1117
754 1118
754 1119
754 1120
754 1121
754 1122
754 1123
1124 1125
1124 1126
1124 1127
1128 1129
1128 1109
1128 1130
1128 1131
1132 1133
1132 1134
1132 1135
1132 1136
1137 1138
1137 713
1139 1140
1141 1142
1143 919
582 679
582 1144
33 45
33 1145
33 1146
188 1147
1148 1149
1148 1150
1148 1151
1148 1152
1148 1153
679 1154
679 1155
679 422
679 769
679 1156
679 1157
679 1158
679 1159
679 1160
679 1161
668 1162
668 1163
668 1164
123 1165
123 1166
1167 1168
1167 1169
658 1170
658 1171
658 1172
1173 1174
1173 1175
1173 1176
1173 1177
1173 1178
1173 1179
392 1180
392 1157
392 1181
392 1182
392 1183
392 1184
392 653
392 1185
1186 1092
1186 401
1187 1188
1189 1190
1191 1192
1193 1194
656 757
656 1195
1196 1197
1196 1133
1196 946
1196 1198
1196 1199
1196 1200
1201 1202
1201 1203
1204 448
1204 1205
1204 565
1092 1206
1092 1207
1092 1208
1092 1088
1092 1209
397 554
397 1210
397 694
397 1211
397 943
1212 1213
1214 405
1215 1216
1215 1217
438 1218
438 1219
438 125
438 1220
1221 1222
1223 1224
1223 1225
1223 491
155 1226
155 1227
1228 1229
1228 620
1230 1231
1230 1232
28 1233
28 1234
28 183
1235 1236
1235 1237
1238 1239
584 1240
584 1241
1242 1243
1242 592
1242 1244
1242 1245
1242 1246
1242 1247
1242 184
1242 145
1248 1249
1248 1250
1251 1252
1253 1254
1255 1149
1255 1256
1255 1257
1255 1258
1255 1259
1260 1261
1262 1263
1262 1264
1265 1266
1267 1268
1269 1270
1269 1271
1272 1273
1272 1274
1272 1275
1276 1277
1278 1279
1278 944
463 1280
463 1281
463 1282
463 119
463 944
1283 1284
662 1285
662 532
1286 1287
933 1288
933 1289
1290 1291
1292 1293
1294 1295
1296 1297
1296 1298
1296 610
1299 1300
1301 1302
1303 1304
1303 1305
1303 1121
1303 1306
1303 1307
1303 1308
1303 1309
1310 1311
1310 1312
1313 66
1314 1315
1316 1317
755 1318
613 1319
613 1320
613 1321
613 1097
613 1322
1323 1324
1325 1326
1327 1328
520 1329
520 1330
1331 1121
1331 1332
1333 1334
1335 1336
1335 1337
1335 1338
1334 1339
45 1340
45 393
45 1341
1342 1061
1343 1344
1343 1345
1346 1347
1348 817
1348 1349
1348 1350
1351 1352
1351 1353
1351 1354
1355 1356
1357 1358
1357 1359
1357 953
1357 1360
1357 1361
1357 1362
1363 1364
1363 1365
1363 1366
1363 1367
502 1110
1368 1369
1370 1371
125 205
125 1372
125 1373
125 1374
125 1375
1376 1377
1376 1378
1376 1379
1380 1381
1380 1382
1383 1384
1385 1241
1385 1386
1385 1387
1385 1388
1385 1389
1385 1390
1391 1392
1393 1394
551 1395
551 1396
551 1397
551 1398
1399 1400
1399 1401
159 1402
159 1403
54 1404
54 1405
1406 1407
1406 1408
1409 1410
1411 1412
1411 1413
1414 1415
1416 1417
1418 130
1419 887
1420 1421
1390 1422
1401 1423
1401 1424
1401 1425
1401 1426
1401 1427
1407 1428
1407 1429
1430 1036
535 1431
1072 1432
1072 1433
1072 1434
1072 1435
1436 1437
1436 1438
887 1439
887 1440
887 1441
887 1442
887 1345
887 929
887 1443
887 1444
887 1435
1445 1446
1447 1448
1447 1449
1447 807
1447 1450
1447 1451
1447 1435
1447 1452
1036 1453
1036 1454
1036 1455
1036 1456
1036 1457
1036 1458
1459 1460
1459 1461
1459 1462
1442 929
1442 1463
1423 1464
1465 1466
1467 1468
1467 1469
1461 1460
1461 1470
1461 1471
1472 1473
1448 1435
52 1005
52 1474
1475 1476
1475 1040
1475 1477
1468 1478
1479 1480
414 1481
414 1482
1483 1484
1387 610
1485 1486
1485 1487
1485 1488
1485 1489
1157 1096
1157 1490
1282 1103
817 1491
817 1492
817 1133
817 1493
817 1494
817 1495
817 1496
817 1497
817 1498
817 1121
817 1499
732 1500
732 1501
732 1502
732 1503
1504 1505
1506 1507
554 1508
554 1509
554 1510
554 1511
554 1512
554 1513
1514 1515
405 1516
405 1517
405 1518
405 1519
405 1520
405 1521
405 1522
405 1523
405 1524
405 491
405 1525
116 1526
116 1527
1528 1529
1530 1531
1532 1533
1529 1233
496 1534
496 1535
496 1536
496 1537
59 568
59 1538
1539 1540
1539 1541
591 1542
1543 1544
1543 1163
1545 1227
1545 1040
1546 1547
1548 1549
1550 1551
1552 1553
1552 1554
1552 1555
1552 1556
1557 97
1557 1558
1557 1559
1557 233
280 831
1560 1561
1241 1562
1241 1563
1241 1564
1241 1565
1241 1566
1241 104
1567 1568
1569 1570
1571 1572
1571 1573
1574 1575
203 1576
203 1577
203 1578
1579 1580
1579 1581
66 1582
66 1583
66 1584
1585 1586
831 1587
831 1588
831 403
831 1589
1590 1591
1592 1593
67 1594
1595 266
1596 1597
1596 1542
1598 885
1598 1599
1598 1600
244 1601
1602 1603
68 1604
1605 1606
1607 1608
1609 1610
1611 1612
1613 1614
1615 1616
1615 1617
1618 1619
1620 1621
1620 1622
86 1623
1624 920
1625 1626
1627 1628
1629 1630
1631 1632
1633 1634
1635 73
1636 1637
959 1638
1005 1639
1005 1640
1005 1641
1005 1642
1005 1643
1005 1644
1005 1645
1005 1646
1005 1647
1005 1648
1005 1649
1005 1650
1651 721
1227 1350
1227 1652
1227 1326
1227 1653
855 1654
855 1655
855 1561
855 1656
1657 1658
1657 1659
1657 1660
1657 1661
233 1662
126 1663
126 1664
1665 1666
1665 1667
900 1668
900 478
900 1669
900 1670
1655 1671
1655 1672
1655 1673
561 1674
1675 1676
1675 1677
1675 1678
1675 1679
1675 1680
1675 1681
1675 1682
1666 1683
1666 1684
1685 1686
1687 490
1603 1688
1603 1689
1603 1024
1603 1690
1691 1692
1024 1693
1024 1694
1024 1695
1696 1697
1698 1699
1700 1701
1702 1703
1702 1704
1705 1706
1707 1708
1121 1709
1121 1710
1121 1711
1121 1712
1121 1713
1121 1714
1715 1716
1715 1717
1715 1718
1719 1720
1721 1722
1723 82
1724 1725
1726 1727
1726 1728
1729 224
1730 1731
1730 1732
1730 1733
1734 1735
90 1736
90 1737
90 1738
1739 390
1739 1740
1739 1741
1742 1743
1744 1745
1744 1746
1744 1747
1748 385
393 1749
469 1750
469 1751
469 1752
469 178
1753 1754
1755 1756
1757 1758
1759 1760
1761 1762
178 1763
1764 1765
1766 1767
1766 1768
261 1769
261 1770
261 1771
261 1772
261 1773
261 1774
1775 1776
1463 1777
1463 1778
1779 1780
1779 1781
1779 1782
1779 1783
1779 1784
1779 102
1785 1786
1785 1787
1788 1789
101 1790
101 1791
1792 1793
1794 1795
1784 1174
1796 1797
339 1798
339 1799
339 1800
1801 1802
815 1803
104 448
104 1804
104 1563
104 1805
104 1806
104 1807
104 1455
1808 1809
146 1352
146 1810
146 1811
146 764
146 1812
146 1813
1814 608
1814 1815
1814 1816
1814 1817
1814 449
1818 1819
1820 1284
1821 1822
1821 1809
1823 1824
1825 1768
1825 1826
1825 1827
1825 797
1828 1829
1828 1830
1831 1832
1831 1833
1831 1834
1831 721
1835 1836
1835 1837
1838 1839
1745 1840
336 1841
336 1842
336 1843
336 1844
336 1845
1846 472
1846 1847
1848 1849
1848 1850
1851 1852
1851 1853
1849 1854
248 1855
1856 1857
92 1858
92 1859
92 1860
92 1861
92 1862
1591 1863
1864 1865
472 1699
1866 576
1867 1868
1822 1869
1583 1582
1870 1871
1872 1873
608 1874
608 1875
608 1876
1877 1878
94 1879
1880 1881
1882 1883
96 923
1884 1799
1884 1834
1885 1886
1887 1669
1887 1888
1889 1890
1889 1891
1892 1893
1892 1894
1895 1896
1897 1898
1899 1871
1899 1900
1901 1902
326 1903
1904 1905
1904 610
1906 1907
288 1908
1159 1909
1159 1910
1159 1911
1912 1913
1914 1855
1915 1916
1915 1917
1918 1919
1918 1920
1918 1921
1922 1923
1924 1925
1926 1927
1926 1928
1929 1063
1930 1839
322 1931
1252 1932
1252 1933
1252 577
1252 1934
1935 282
1935 1936
620 1937
620 1561
1938 1939
331 1940
596 1941
1942 1943
1944 1945
128 1946
610 309
610 1947
610 1948
1949 1950
1951 1952
1951 1953
1954 1955
1956 1957
1958 1959
1958 1960
1958 1961
1962 1963
1962 1964
1965 1966
117 1967
117 1968
834 1969
834 1361
1970 1971
1970 1972
1970 1973
1970 1974
1970 1975
477 1806
477 1976
1977 1978
629 1979
629 1980
629 1981
1982 1983
1982 1478
182 1984
182 1210
1985 1986
478 1987
478 1988
478 1989
1990 1991
1992 1993
1992 771
1992 1994
1992 1995
1992 1996
1997 1118
1997 1998
1997 1999
1997 2000
1997 2001
1997 2002
1997 2003
2004 2005
2004 1198
2004 1110
2004 2006
2007 2008
2007 2009
2007 2010
2007 2011
2007 775
2007 2012
2007 2013
2014 2015
2016 2017
2016 2018
2016 1497
2016 2019
1163 2020
1163 2021
714 2022
714 2023
714 1490
449 2024
449 2025
449 2026
2027 2028
2027 2029
2027 2030
2027 2031
2027 388
2027 602
215 2032
2033 2034
2033 1172
2033 827
2033 2035
2036 2037
2036 2038
2036 2039
490 2040
490 2041
490 2042
1438 2043
2044 2045
2044 2046
2047 2048
129 2049
1123 2050
1123 946
1123 2051
2052 2053
2052 2054
2055 2056
2057 2058
2057 2059
2060 2061
2060 2062
2060 2063
2060 2064
2060 2065
2060 2066
2067 2068
2067 2069
183 2070
183 2071
491 454
2072 2073
1712 2074
1680 2075
1680 511
1680 2076
1680 2077
2078 2079
235 2080
2081 2082
1720 2083
1720 2084
1720 2085
2086 2087
2088 2089
2090 2091
2092 2093
758 735
758 736
758 2094
2095 2096
2095 2097
2095 2098
2095 2099
2100 2101
2100 2102
2103 2104
2105 2106
2107 2108
2109 2110
2109 2111
2109 2112
2109 2113
2109 2114
2109 2115
923 2116
923 928
923 2117
2118 2119
2120 2121
2122 630
2122 2123
2124 2125
621 185
621 2126
653 2127
653 2128
2129 2130
2058 2131
2058 2132
2058 2133
2134 2135
2136 2137
2138 2139
2140 2141
2140 2142
2140 2143
2140 2144
2145 2146
2145 2147
2148 2149
2148 2150
2151 2152
2151 2153
2154 2155
185 2156
185 2157
2158 2159
2160 2161
2162 2163
2162 2164
2165 2166
2165 2167
2168 2169
2168 232
2168 1927
2168 2170
1034 2171
2172 1986
2172 2173
131 2174
131 2175
131 1396
131 2176
2177 2178
2179 2180
2179 2181
2179 2182
2183 1768
2183 2184
2185 2186
2185 2187
2188 2189
2188 2190
2188 2191
2188 1501
2192 2193
450 431
2194 2195
2196 2197
2196 2198
2199 2200
2201 2202
2201 978
2203 2204
2203 1953
2203 2205
2206 2207
2206 2208
2206 2209
2210 2211
2212 2213
2214 2215
2216 2217
2218 2219
417 2220
2221 1001
2221 2222
2221 2223
2224 2225
555 2226
555 2227
2228 2040
2228 1222
2228 2229
2228 2230
2231 2232
2233 2234
1582 2235
2236 2237
1622 741
1622 2238
2239 2240
2241 2242
1222 2243
1222 2244
2245 2246
2247 2248
2249 2250
2251 2252
2253 2254
2253 2255
2253 2256
2253 2257
2253 2258
2259 529
2260 1197
512 2261
2262 2263
2264 2265
2266 2267
2268 2269
2270 2271
2272 2273
2272 2274
2217 2275
2217 1522
2217 2276
1834 2277
2278 2279
2278 2280
895 1832
895 2281
895 2282
2283 2284
2285 2286
2287 2288
2287 2289
2290 2291
2290 1893
2292 2293
2292 2294
142 2295
2296 2297
2296 2298
2299 2300
1039 2301
1039 2302
2303 2304
606 2305
606 2306
2307 2308
2309 2310
2311 2312
2311 2313
820 2314
396 2315
396 2316
2317 2318
2319 2320
2319 2321
2319 2322
2319 2323
2319 2324
2325 1435
1476 2326
2327 2328
2327 2329
2330 2331
2332 330
2332 2333
2332 2334
2332 2335
2336 2337
1816 2338
1816 2054
669 2339
2340 2341
2340 1673
1722 587
1722 2342
2343 2344
1210 2345
2346 2347
1670 2348
2349 321
2349 2350
1040 2351
1040 2084
2352 2353
2354 2355
2354 2356
2357 2358
2359 2360
2361 2362
2363 2364
2365 2366
2367 2368
2367 2369
2370 930
2371 2372
2371 511
2371 2373
2374 2375
2374 2376
2377 2378
2379 2380
2379 1432
2379 364
2379 2381
306 2382
1812 2383
1812 2384
2339 2385
2386 2306
2386 2387
2388 2389
2390 2077
2391 2392
2391 2393
2391 2394
1947 2395
1947 2396
2397 2025
2398 2399
2400 2401
2400 2054
2065 2402
2065 2403
2404 511
2405 2406
1783 2407
1783 2408
1783 2409
1783 2410
2411 2412
330 2413
330 2414
330 2415
1224 2416
1224 2417
2418 2419
2418 2420
2421 2244
2422 2423
136 2424
2425 282
2425 2426
2427 2428
2427 2429
2427 2430
2431 2432
2433 2434
2435 2436
2437 981
2438 2439
2438 705
721 2440
961 995
961 927
981 1780
981 2441
981 2442
2443 1966
2444 2445
1018 2446
1018 2447
2448 2449
2448 2450
2448 2451
2452 2453
2454 2455
2456 2457
2244 2458
2244 2459
2460 2461
2462 922
2463 2464
2463 2465
2463 2466
2463 2467
2463 2468
2463 2469
2463 2470
2463 2471
2463 2472
2463 2473
2463 2474
2475 2476
976 2477
2077 335
2478 2479
2478 2480
2478 2481
2478 2482
2483 2484
2432 2485
2486 2487
2486 2488
2489 2490
576 2491
2492 2493
2494 245
2495 2496
504 2497
504 2498
504 2499
504 2500
2501 2502
2501 371
2501 2503
2504 2505
2504 2506
2504 2507
2508 511
2509 2510
2511 2512
2513 2414
2514 2515
2167 2516
1874 1989
2517 1879
2026 570
2026 1362
2026 2518
2211 2519
578 2520
2521 2522
2523 2524
2525 2526
2133 2527
2133 2528
1026 2529
1026 2530
1026 979
1026 2531
1026 2532
138 587
138 1819
2533 2534
715 2535
715 2536
2537 2538
2539 2540
703 1819
1217 2541
1217 2542
1217 2543
1217 2544
1362 2545
1362 1458
459 2546
705 2547
705 2534
2520 2548
2549 2360
2550 2186
2550 2551
2552 2553
2554 2555
1669 2556
2557 2558
2557 2559
1893 2560
2561 2562
2563 2564
2565 2566
2565 1449
2039 953
2567 2568
139 2569
2570 1561
2571 2572
2573 2574
2575 2576
2577 2578
2579 2130
2579 1844
2580 2581
2582 2583
2584 2585
2586 2587
2588 2589
2588 2590
2588 2591
2592 2593
2594 2595
2596 2597
2598 2599
2600 2601
2600 2602
1780 2603
2604 2605
310 2606
2607 2608
2607 2609
2610 2611
2612 2613
2614 2615
511 2616
511 2617
511 2618
511 2619
511 2620
511 2621
511 2622
511 2623
2624 2625
2626 2627
2626 2628
2629 2630
2631 2632
1819 2633
1819 2634
359 2635
2599 2636
2637 2638
2639 2640
2641 2534
1344 2642
1931 2643
1931 2644
2645 2646
2647 2648
2649 2650
2651 1833
2651 2384
2652 2653
1449 2654
1449 2655
2543 2656
2657 2658
2659 2660
2661 2662
2663 1415
2664 546
2664 2665
2666 2667
2666 2668
2669 2670
2671 2672
1497 1129
1497 2094
1844 456
1844 2673
1844 2674
2021 2675
2676 2672
2676 2677
2676 2678
2676 2679
2676 2680
2676 1487
1156 770
1156 2681
1156 2682
1156 2683
1156 774
1156 1502
1156 2678
1156 2684
1156 1973
1156 799
2685 2686
2687 2688
2687 2689
2690 2691
2690 2692
2690 2693
1973 2694
1973 2695
1973 2696
1973 2697
1973 2698
1973 747
1973 2699
1088 1490
1088 2700
2701 2702
2703 2704
2703 2705
2703 799
2703 2706
713 2031
713 1776
2707 2708
2707 2709
2707 2094
2707 2710
2707 2711
1133 1480
1133 422
2019 2712
2019 2713
2019 2714
2019 2715
2716 2717
1117 2718
1117 2719
1117 2720
1117 756
1117 2721
1117 1130
1117 2722
1117 2723
1117 2699
1117 422
2724 2725
1996 769
1996 1502
2726 2727
2726 2728
2729 2730
2729 1975
2729 2731
2729 2732
282 2733
282 2734
2735 2736
2735 2737
2738 2739
2738 2740
2738 2741
454 2742
454 2743
454 2744
454 2745
454 2746
2747 2748
2747 2749
2747 2750
2751 2752
2751 2753
2751 748
2751 2754
2755 2756
2755 2757
2755 2758
2759 2760
2761 2762
2761 2763
2764 2683
2764 2765
2764 2766
2764 1115
2764 2767
2764 2768
2764 2769
1372 2770
1372 2771
2772 770
2773 2774
2773 2775
2773 2776
2777 2778
2777 1373
2779 2780
2779 2781
2779 2782
2779 2783
2784 2785
2786 2787
2788 2789
2788 2790
2788 2791
2792 2793
2792 2794
2792 1115
2792 1155
2792 2795
2796 2797
2796 2798
2799 2800
2799 2801
2191 2802
775 2803
775 2804
775 2805
775 2806
651 2807
2808 2809
2810 2811
2810 2812
919 2813
2713 2814
1115 2815
1115 2794
1115 2816
1115 756
1115 2817
1115 2818
1115 2819
1115 1136
1115 2768
1115 2820
2821 2794
946 2822
946 1109
946 2802
946 773
946 2006
946 2823
946 2094
2824 2825
2826 1692
2827 2828
2753 2829
2753 1111
799 1709
799 2830
799 2831
799 2832
799 2833
799 2834
799 2776
799 2835
1518 2836
1518 2837
1518 2838
2839 2840
2839 2841
2842 2816
2842 2843
2844 2845
2006 2846
2006 2847
156 1520
156 769
156 1136
156 2848
156 2849
756 2850
756 2851
2852 773
2668 2853
2668 2854
2668 2855
1679 2856
2721 2857
2410 344
2410 2858
2859 2860
464 2861
2862 2863
2864 2865
2864 2802
2866 2867
2868 2530
2868 2869
2031 2870
2031 2871
2031 2872
2031 1250
2873 2874
2875 1508
2876 2877
2878 2879
2878 2880
2878 2881
2878 2882
2883 2884
2851 1994
2851 2885
2851 2886
2851 1502
2887 1974
735 2819
735 2888
735 2718
735 2691
735 2889
735 1155
735 2678
1136 2890
1136 2891
1136 2892
2893 2372
2894 2895
2894 1771
2896 2897
2898 2899
947 2900
947 2901
2902 2903
2904 1113
2905 2906
2905 2907
2908 2909
2908 2910
2908 2911
500 2912
500 2913
2914 2915
2916 2917
2758 2918
2919 2920
2919 2921
1097 2922
2923 2924
2925 701
2925 2926
2927 2928
2929 2930
2929 2931
2932 2933
2934 2935
2936 2937
2936 2938
2939 2940
2941 2942
2943 2944
2943 2945
2943 2946
2947 293
2947 2948
2949 2950
2951 2952
2951 431
161 2953
161 2954
2955 2956
2955 2957
2958 2959
2960 2961
2962 1452
2963 2964
2965 2966
770 2678
770 2886
770 2967
2968 2969
2970 1561
2971 2972
2971 2973
1520 2974
2975 2976
2977 2978
2979 2980
2979 2981
2979 2982
2979 2983
2979 2984
2979 2985
2979 2986
2987 2988
2989 2990
874 2991
2992 2993
2994 2995
2996 2997
2998 2999
3000 3001
3002 3003
3004 3005
1562 3006
3007 3008
3009 3010
3009 3011
3012 3013
489 3014
489 3015
489 3016
3017 3018
3017 3019
3017 3020
3017 2952
3021 3022
3021 722
3021 3023
3021 3024
3025 3026
3027 3028
2688 3029
3030 3031
3032 3033
3034 3035
3036 3037
3038 3039
3038 3040
3038 1551
3041 3042
190 3043
190 701
190 2476
3044 3045
3046 3047
3048 3049
3048 1127
3050 3051
3052 3053
3054 3055
3056 3057
2298 3058
2298 3059
468 3060
3061 3062
3061 3063
168 3064
734 3065
734 3066
734 2002
734 751
734 3067
734 2677
734 3068
734 3069
734 3070
734 1200
734 3071
734 3072
734 3073
734 3074
3075 3076
3077 3078
3077 3079
3080 3081
3082 3083
3082 3084
3085 3086
3087 3088
3087 3089
3090 3091
2673 3092
1768 3093
3094 3095
3094 3096
3094 3097
3098 3099
3100 3101
3102 3103
3102 3104
3102 3105
3102 3106
1496 3107
3108 3109
3110 3111
3112 3113
3112 3114
3115 3116
3115 3117
3115 3118
3119 3120
3121 3122
537 538
3123 3124
3123 1038
3123 3125
3126 3127
3126 3128
3126 3129
2857 1498
3130 3131
3132 3133
3134 3135
1194 3136
3137 3138
3139 3140
3141 3142
650 3143
650 3144
3145 3146
3145 2223
3147 3148
3149 3150
3151 3152
3153 3154
3153 3155
3156 3157
3156 3158
3159 3160
3161 3162
1001 3163
3164 1933
2082 410
2082 2056
3165 3166
3167 3168
173 764
3169 3170
3171 3172
3173 3174
3175 3176
3177 3178
3179 3180
3179 3181
3179 3182
3179 3183
3184 2605
3185 3186
3187 3188
3187 3189
3190 3191
174 3192
3193 3194
3195 220
3196 3197
3198 3199
3198 3200
3201 3202
3203 3204
3205 3206
3207 3208
3209 3210
3211 3212
3213 3214
3215 3216
3215 3217
3218 3219
3220 3221
3220 3222
3220 3223
1452 1456
1452 3224
456 3225
456 3226
456 462
3227 3228
3229 619
3229 3230
3231 3232
3233 3234
3235 3236
3237 3238
3239 3240
3241 1608
3242 3243
3244 3245
3246 3247
3248 3249
1832 3250
1832 3251
1832 3252
3253 3254
3255 3256
3255 1093
3257 3258
3259 3260
3261 3262
207 3263
3264 3265
3266 3267
335 3268
335 3269
335 3270
1672 3271
1672 2589
1672 3272
3273 3274
3275 3276
3277 3278
3277 3279
3280 3281
3282 3283
1192 3284
1192 3285
1192 543
3286 3287
1905 3288
1905 3289
3290 3291
1057 3292
364 3293
3294 3295
3294 3296
3297 3298
3297 3299
3300 3301
3300 3302
3303 3304
3305 3306
2408 3307
3308 3309
3310 3311
3312 3313
212 1093
3314 2847
213 3315
3316 3317
3318 3319
3320 3321
3320 1460
1952 3322
1952 3323
3324 3325
3326 3327
3328 3329
3330 3331
1786 3332
3333 3334
3335 3336
234 3337
234 3338
3339 3340
3341 3342
3341 1919
3341 3343
3344 3345
3344 3346
3344 3347
3348 1551
3349 3350
216 3351
3352 3353
3350 3354
3355 3356
3357 3358
3359 2291
3360 3361
3360 3362
3363 3364
3365 3366
3367 3368
3369 3370
3369 682
3371 3372
3373 3361
3374 3375
3376 3329
3377 3378
3379 1093
3380 3381
3380 3382
3383 3384
3385 3386
3387 3388
3389 3390
3391 3392
3393 3394
3395 3396
3397 3398
595 3399
595 3400
595 3401
2503 3402
3403 953
3404 3405
3406 2605
3407 303
3408 3409
3402 3410
3402 3411
3402 3412
3413 3414
3415 3416
3417 3418
2479 3419
348 3329
3420 3421
3422 3423
3424 3425
3426 3427
1415 3428
3429 3430
3429 3431
3432 2042
3432 3433
3432 3434
3435 3436
196 3437
2654 1471
3438 3439
3440 3441
3440 2015
2326 3442
3443 3444
3443 3445
3446 3447
3448 2395
325 3449
3450 1686
3451 3452
3453 3188
3454 930
3454 3455
3454 3456
3457 2208
3458 3120
3459 3460
1861 3461
3462 1297
3463 3464
3465 3466
3467 953
3468 3469
3470 3471
3472 3473
3472 3474
3472 3475
3476 3477
2032 3478
1542 3479
1542 3480
484 3481
484 3482
3483 3484
2606 3485
3486 3487
3486 3488
1030 3489
3490 3491
3492 3493
3494 3495
2197 3496
2197 3497
2197 3498
2197 3499
3292 3500
2061 3501
2061 3502
1508 3503
3504 3505
3504 3506
3507 1025
3508 3509
3508 3510
3511 3512
3513 3514
309 3515
309 3516
309 3517
1176 3518
3519 3520
3521 3522
612 3523
3524 3525
358 3526
3527 3528
3527 3529
3530 3531
3530 3532
3533 3534
3535 2506
3535 3536
1446 3537
276 3538
2351 3539
3540 3541
3540 3542
3543 3544
3545 3546
3547 991
3548 3549
3548 3550
927 3551
927 3552
927 3553
927 368
927 3554
3555 3549
3556 3557
3558 3559
249 3560
3561 3562
3563 3564
298 3565
3566 3567
3566 3568
3569 3570
3569 3571
1382 3572
3573 3574
1606 2413
1606 3575
3576 3577
3578 3579
277 3580
3581 3582
3583 3401
1386 3584
3585 3586
3238 3587
3238 3588
2073 3589
2073 3590
3591 3592
3593 3594
3593 1987
1250 3595
1250 2208
1250 3596
3597 3598
3599 926
303 3600
3601 3602
3500 2282
3500 3603
296 3604
3605 3606
2293 3607
2293 3608
2293 3609
2293 3610
3611 3612
3613 3336
3614 3615
3616 3617
786 3618
2353 3619
2353 3620
3621 3622
3623 3624
292 3625
3626 3627
677 3628
3629 3630
3631 3632
3633 3634
3633 3565
3633 3635
3636 1682
3637 3638
3637 3639
3637 3640
3641 3642
3643 1896
3644 3288
3645 3646
3645 3647
3648 3649
1862 3650
3651 3652
3653 3654
3653 3655
892 1789
892 3656
892 3657
3658 3659
3660 3661
3662 3663
3664 3665
3664 3666
3667 3668
3667 3669
3670 3671
995 3672
995 3552
995 3673
1435 3674
3675 3676
3675 3677
3678 3679
3678 3680
3681 3682
1428 1462
3683 3684
3683 3685
1457 3686
1457 3682
3687 1902
3688 3689
3690 3691
3692 1626
3693 3694
3695 2159
3696 3697
3698 2700
3699 3700
3701 3702
3703 3704
3705 3589
3706 3707
3708 3709
3710 3711
3712 3713
3714 3715
3716 3717
3716 3718
3719 3720
3721 3722
3721 3723
3724 3725
3726 3727
3728 3729
3730 3731
3732 3733
3732 3734
3735 3736
3737 3738
3737 3562
3737 1462
3739 3740
2083 3741
3742 3743
3744 3745
3744 3746
3747 3748
3747 3749
3750 1138
3751 3752
3753 3754
972 3755
556 3756
1495 3757
1495 818
3758 2334
3758 3759
3760 3761
3761 3762
1963 3441
3763 3764
3765 2059
3765 3766
3767 3768
3769 3770
3771 3772
3773 283
3774 3775
3774 3776
3777 3778
3779 3780
3342 3157
3342 3781
3342 3045
3342 3782
3783 3784
3783 3785
3786 3787
3786 3788
3789 2110
3789 3790
3791 3792
3793 3794
3793 3795
3793 3796
3793 3797
3798 3799
3800 3801
3800 3802
3800 3803
3804 3805
362 3806
2204 3807
3808 3809
3810 3811
3812 3813
3565 3814
3815 3816
3817 3818
3814 3819
3814 3820
3821 3822
3823 3824
3155 3825
3155 3826
3827 3828
3827 3829
3830 3831
3832 3833
3832 3834
3835 3836
3837 3838
3839 2528
3840 3841
3840 1050
3842 3843
3844 3845
3846 3847
3846 3848
3849 3850
3851 3711
1682 3852
1682 3853
1682 3854
3855 587
3855 3856
3855 3857
3855 797
920 2205
3858 3859
3858 3860
3858 3861
3862 3863
897 1160
3864 3865
3866 3867
3866 3868
3869 953
3869 3870
3871 3872
1667 3873
1667 1108
3874 3875
3876 3515
3877 3878
3879 3880
3881 3882
3881 3883
3884 3885
835 2644
3886 3887
3888 2125
3889 3890
3787 3891
3399 3892
3399 3401
3893 458
3893 2378
315 3894
315 3895
315 3896
3897 3898
3897 3899
3897 3900
3897 3901
3711 3902
3809 3903
3904 3905
2141 3906
924 3907
840 3908
3909 3910
3271 3911
3135 3912
3135 3913
3135 3914
3135 3915
1213 3916
3917 3918
3919 3920
3921 3922
3921 3923
3924 3925
3924 3926
3924 3927
3031 3928
3031 3929
3031 3930
3031 597
3931 3932
2395 3933
2395 3934
3935 3936
3937 3938
3939 3940
3939 3941
3942 3943
3944 3945
3131 3946
3947 2901
3947 3948
3949 3950
3949 3951
3952 3953
3954 3955
3956 3957
3958 3959
3960 3961
314 3962
3963 3964
3963 3965
3966 3967
3968 2208
3968 3969
3970 3971
2054 3972
2142 3973
3974 3975
3974 3976
3332 3279
3332 3977
3978 3979
3557 3980
3981 3982
3981 3983
3984 3985
3984 953
3986 3987
3035 3988
3035 644
3989 2644
3940 3990
3940 2302
3940 3991
3940 3992
3093 3993
3994 3995
3996 3997
3996 3998
3996 3999
857 4000
857 4001
928 4002
928 4003
4004 4005
4004 4006
4007 4008
2348 4009
4010 4011
2445 4012
2220 4013
4014 4015
4016 1654
4016 4017
4018 4019
4018 2171
2542 4020
4021 4022
2439 3278
3627 4023
4024 4025
4024 4026
4027 4028
4029 4030
4031 4032
2139 4033
4034 4035
4036 4037
4038 1878
4039 4040
4039 4041
3926 4042
3926 4043
4044 4045
4046 3987
3322 4047
2530 4048
4049 4050
4051 797
4052 797
4053 4054
4055 4056
4057 4058
4059 4060
4061 3938
4062 4063
3883 4064
3883 4065
4066 2378
4067 4068
4069 4070
4071 1293
949 4072
4030 4073
4074 4075
2942 4076
3133 4077
4078 4079
4080 4081
2632 4082
4083 4084
4085 4086
4087 1659
4088 4089
4090 4091
4092 4093
4094 4095
1037 4096
4097 4098
4099 3182
4100 4101
4102 4103
4104 4105
4106 4107
3991 4108
3991 4109
991 3370
4110 4111
332 4112
3697 1740
4113 4114
4115 4116
4115 4117
4118 4119
4120 4121
4122 4123
4124 4125
4124 4126
4127 4128
3401 1948
4129 4130
4131 4132
4133 4134
4135 4136
980 1610
565 3603
4137 3598
4137 4138
3635 1873
4139 4140
4141 4142
4143 4144
4145 4146
4147 4148
4149 4150
4151 4152
2800 4017
4153 4154
4153 4155
4153 4156
4157 4158
4159 4160
4159 4161
4159 4162
4159 4163
4164 4165
870 4166
1798 4167
1205 4168
1205 4169
1371 4170
4171 4172
4173 4174
4175 4176
4177 4178
4177 3260
4177 4179
1400 4180
1400 4181
4182 4183
4184 4185
2560 4186
4187 1240
4188 4189
4190 4191
4192 1422
4193 4194
4193 4195
4193 4196
4197 4198
1842 4199
872 4200
1295 4201
4202 4203
4202 2464
3127 4204
3127 4205
3127 4206
4207 4208
4209 4210
4211 4212
4213 4214
4215 4216
2526 4217
4218 4219
4220 4221
4220 4222
4220 4223
4224 4225
4226 4227
4226 4228
3588 1425
4229 4230
4231 4232
2372 4233
4234 4235
4236 4237
4238 4239
4238 4240
2291 4241
4242 4243
4242 4244
4245 4246
953 4247
953 2062
953 4248
953 4249
953 4250
953 4251
953 4252
953 4253
4198 4254
4255 4256
4255 4257
4258 4259
3550 4260
3550 4261
4262 4263
4264 4265
4264 4266
4267 3428
4268 1969
4269 4270
4271 4272
4273 4274
4275 4276
4277 4278
4279 4280
4041 4281
4282 4283
4284 4285
4286 2389
4287 4288
4289 4290
4291 4292
4293 4294
4295 4296
4295 4297
4295 4298
4299 4300
4299 4301
4299 4302
4299 4303
4299 4304
4299 4305
421 657
2385 3060
2385 4306
2385 4307
2385 4308
4309 4310
4309 4311
4309 2806
431 4312
4313 4314
4313 4315
4316 4317
4318 4319
4318 2775
4318 2680
4318 4320
422 4321
422 4322
422 4323
2094 4324
2094 4325
2094 4326
2094 2892
4327 4328
4329 4330
4331 1481
4331 4332
2294 4333
2967 4334
4335 4336
4335 4337
4335 4338
4335 4339
4335 4340
4335 4341
4342 1098
2769 4343
2769 2683
2023 1523
1149 532
1149 4344
1481 4345
1481 4346
382 4347
382 4348
413 4349
413 4350
413 4351
413 4352
3037 4353
626 440
3060 4354
3060 2879
4355 4356
4355 544
4357 1894
4358 4359
4360 4361
4360 4362
844 4363
844 4364
844 4365
844 4366
4367 4368
4369 1488
4370 2677
4370 1160
2306 4371
2306 4372
4373 4374
4373 4375
4317 2954
4376 4377
4378 4379
4380 4381
4382 4383
4384 4385
4386 4387
4386 4388
627 4389
2020 4390
1245 4391
4392 4393
4347 4394
4395 4396
4397 4398
4399 4400
4401 4398
2829 4402
2829 4403
2829 2684
2814 4404
2814 2833
2691 2794
2000 4405
1502 1974
1502 2709
1502 2683
1502 2806
1502 4406
1487 4407
1487 4408
4409 4410
2835 4411
2835 4311
769 1971
769 2672
769 1109
769 4412
769 4413
2684 2804
2684 4414
2712 4415
2712 4416
4417 4418
4417 1994
1994 748
1108 4419
1108 4420
4421 4422
2794 2706
2886 4423
2886 4424
2886 2849
2886 4425
2886 4426
4427 4428
1999 1709
1974 1709
1974 2816
1974 4426
4429 4430
4431 4432
4431 4433
4422 420
4434 4435
440 4436
4437 4438
4437 4439
4440 4441
4322 4442
4443 4444
487 4445
487 4446
4447 4448
1561 4449
1561 4450
1561 4451
4452 4453
4454 4455
4454 4456
4368 4457
4458 4288
4458 4459
4458 4460
4461 4462
4463 4464
4465 4466
4465 4467
411 4468
4469 4470
4471 4472
1374 4473
4474 4475
4474 4476
4474 4477
4474 4478
4474 4479
4480 4481
4290 4482
4483 2706
4484 4485
4486 4487
4488 4489
4488 4490
4488 2789
4491 4492
533 4493
4494 4495
4496 4497
534 4498
534 4499
4500 4501
4502 4503
4502 4504
4502 3757
4479 4505
1709 4506
1709 4507
1709 2683
1709 2806
1709 4508
1709 2002
1709 4509
4510 4511
4512 4513
3491 4514
4515 4516
4517 4518
1138 4519
4520 2070
4521 4522
4523 4524
4525 4526
4527 4528
4527 4529
4530 4531
3559 3279
4532 4533
3442 4534
3442 2277
4535 4536
4537 4538
4539 4540
446 4541
4542 3736
4543 4544
4545 4546
4547 4548
616 1256
4549 4550
4551 4552
4553 3624
4553 4554
4555 4556
1894 1969
1894 4557
2546 4558
2546 4559
4560 4561
4560 3822
4150 4562
4150 4563
3101 4564
4565 4566
4567 1142
599 4568
599 4569
4570 4571
4572 4573
4574 4575
4574 4576
4577 1793
4578 2378
4579 3847
4580 4581
541 4582
1678 4583
1678 4584
4585 4586
4585 4587
3400 4588
4589 4590
4591 4592
4593 4594
458 4595
4596 4597
4598 4599
4600 4601
4602 4603
4604 4605
594 4606
4607 4608
4607 4609
4610 4611
1536 4612
1608 4613
4614 4615
4616 4617
4616 4618
2790 4619
4620 4621
4298 4622
4623 4624
4625 4626
4625 4627
4625 4628
4629 4630
4631 4632
4631 4633
666 4634
666 4635
4636 4637
4413 2677
4413 4638
4639 4640
4641 4642
4643 1989
4644 4645
4644 4646
4644 4647
4648 4649
4650 4651
1920 4652
4653 4654
4655 4656
4655 4657
4658 4659
4658 4660
4661 4662
4663 4664
4665 4666
4667 4668
1873 4669
2056 4670
2056 4671
4672 4673
4674 4675
4676 4677
3206 4678
4679 4680
4681 4682
4683 4684
2273 4685
4686 2615
4687 4688
4689 4690
4691 3306
1150 4692
4693 4694
4693 4695
4696 4697
4698 4699
4700 4701
4702 4703
4704 4705
4706 4707
4708 4709
4708 4710
474 4711
4712 4713
4714 4715
4081 4716
4081 4717
4718 3523
4719 4720
4721 4722
4723 4724
4725 4726
2621 4042
2621 4727
4022 4728
4022 3182
4729 4730
4729 4731
476 4732
4733 4734
4735 4736
4737 4738
4739 4740
1953 4741
1953 4742
3325 4743
4744 3914
4745 4746
2380 4747
4748 4749
4750 4751
4752 4753
4754 4755
3736 4756
483 4757
4758 4759
4760 4761
4762 4763
4762 4026
4764 4765
4766 4767
529 4768
4769 4770
4771 4557
4772 4773
3564 4774
4221 4775
4776 4261
4776 4777
4776 4778
1743 4779
4780 4781
532 4144
4782 4783
4782 4784
1160 4785
1307 1714
1307 4786
4490 4787
772 4788
4789 4790
4791 4792
4791 4793
4420 4794
4795 4796
4797 4798
4799 4800
4799 4801
4802 4803
4804 4805
806 4806
4807 4808
4809 2277
2906 4810
4811 4812
4813 4814
4815 4816
4817 4818
4819 3375
4820 4821
4820 4822
922 4823
922 4824
922 4825
922 4826
922 4827
4828 4829
4830 4831
4832 4833
4834 4835
4836 4837
4838 4839
4840 4841
4840 4842
4843 4844
4845 1524
522 2608
2609 4846
2609 4847
2609 4848
3717 4849
3717 4850
4851 4852
4853 2497
4853 4854
4853 4855
2850 4856
4788 4857
1197 4858
4859 4860
4861 4862
4863 4864
4863 4865
4692 4866
4867 2891
4868 4869
4481 4870
4871 4872
4873 4874
4875 4876
1498 2767
4877 4878
4877 4879
4880 4881
4882 4883
4884 4885
4884 4886
4887 4888
3987 4889
4890 4891
4892 4507
4893 2450
3084 4894
4895 1056
1320 4896
4897 4898
4899 4900
4901 4902
4903 4904
4905 4906
4907 4908
4909 2670
4909 4910
4911 4912
4913 4914
4915 4916
580 4917
4918 4919
4920 4921
4922 4923
4924 4925
4924 4926
4927 4928
4929 4930
4931 4932
2935 4933
2935 4934
3668 4935
4936 4933
4936 4937
4938 4939
4940 4941
4942 3882
4943 864
4944 4945
4944 4946
1674 728
4947 4948
4949 4950
4949 4951
4952 4953
4954 4955
1524 4956
3251 4957
4958 4959
4958 4960
4961 4962
4963 4964
3882 4965
2018 2008
4966 4967
4968 4969
4970 4971
1035 3120
1035 4972
4338 4973
2042 4974
2042 4975
2042 4976
4977 4978
4979 4980
2982 4981
3930 4982
4983 1116
1202 4984
4985 4986
2817 4987
4988 4989
4988 4990
4991 4992
4993 3784
4994 4995
4994 4996
4994 2420
4997 4998
2506 4999
5000 5001
789 5002
789 5003
2689 4407
2689 2805
2689 5004
2689 5005
2689 4509
5006 5007
5006 5008
5006 5009
5010 5011
5010 5012
5013 5014
5013 5015
2636 5016
5017 5018
5019 5020
5021 5022
5021 5023
5024 5025
5026 5027
5028 5029
5030 5031
588 5032
2378 3298
2378 5033
2378 5034
5035 5036
5037 5038
5039 5040
5041 5042
5041 5043
5044 5045
5046 5047
5048 5049
5050 5051
5052 4107
5052 5053
5054 5055
5054 5056
5057 5058
5059 5060
5061 1653
5062 5063
5064 4011
5065 5066
5065 5067
4722 5068
5069 5070
5071 5072
5073 5074
1857 5075
4161 5076
5077 5078
5079 5080
5081 5082
1211 5083
1597 5084
5085 5086
5087 3642
5087 5088
5089 5090
5091 5092
5093 5094
940 5095
5096 958
5097 5098
5099 5100
5101 3709
2853 1402
614 5102
5103 5104
5105 5106
5105 5107
5108 5109
5110 5111
5112 5113
5114 5115
5116 5117
5118 5119
5120 5121
5122 5123
5124 5125
5124 5126
5127 5128
2324 5129
5130 5131
5132 5133
3070 5134
5135 5136
4473 5137
5138 5139
5140 5141
639 5142
5143 5144
5145 5146
5147 5148
5149 5150
5151 5152
5153 5154
5155 5156
5157 5158
5159 5160
5159 5161
5162 5163
5164 5165
5164 5166
5167 5168
5169 1190
5169 5170
5171 5172
5171 5173
5171 5174
5175 771
5175 5176
5175 5177
5175 3757
1711 2805
1711 5178
1711 5179
1711 3172
1711 5180
1711 5181
5182 5183
5184 5185
5186 5187
4587 5188
5189 5190
5191 5192
5193 5194
5195 5196
5195 5197
5198 5199
4858 1129
5200 5201
5202 5203
5204 5205
5206 5207
3928 5208
5209 5210
5211 3414
5212 5213
5214 5215
5214 5216
2149 2548
5217 5187
5218 5219
5220 5221
5220 5222
5223 4786
5224 5225
5226 5227
5228 5229
3962 5230
4916 5231
4288 5232
5233 2106
5233 5234
5233 1240
5235 3189
4528 5236
5237 5238
5237 5239
3304 4028
5240 5241
4941 5242
5243 2605
5244 5245
5246 4793
3176 5247
5248 5165
5249 5250
5249 5251
5252 5253
5254 5255
3423 5256
3423 5257
3423 5258
5259 5260
5259 5261
676 5262
3770 5263
5264 5265
5266 5267
1551 5268
1551 5269
1551 5270
1551 4464
5271 5272
5271 5273
5271 5274
5275 5276
5277 5278
5279 5280
5281 5282
5283 5284
2782 5285
5286 5287
5288 5289
5290 5291
5292 2781
5293 5294
3364 3189
5295 5296
5295 5297
5298 5299
5300 5301
5302 5303
5304 5305
5306 5307
5308 5139
5309 5310
5311 5312
5313 5314
5315 5316
5317 5318
5319 2672
5320 3067
5321 5322
5321 2672
1486 4311
2017 752
2017 2704
2017 5323
2017 2804
2017 5324
2017 5325
4418 2680
4418 5326
4334 2719
4334 1109
4334 5327
4334 5328
5329 4416
5330 2806
5330 5331
5330 5332
5330 5008
5333 5334
5333 5335
5333 2834
5333 5336
2683 771
5337 4509
5338 5339
5338 5340
5341 746
5342 5343
5342 5344
2804 5343
2804 5345
4407 5346
4407 5347
5348 5349
2752 2698
2752 5350
2805 5351
2805 2766
5352 5353
5352 1501
4415 4402
4415 5354
4415 5355
4415 5356
2718 2766
2718 3172
4343 5357
4343 746
4343 5358
4343 3172
4343 5359
2816 1129
746 1489
771 2865
771 5360
5361 748
5362 2766
5363 1488
2009 5364
2009 5365
2009 2698
1494 5366
5367 5368
5369 5370
1129 5371
1129 5372
5373 1119
1109 5374
2865 5371
5375 4428
5375 5376
5377 5378
2011 4504
5379 5380
4428 5332
5381 4212
5382 5383
5384 5385
5386 5387
5388 5389
1916 2274
4408 5390
5391 5392
5393 5394
5395 5396
5397 5398
5399 5400
5401 5402
5403 5404
1919 5405
1919 5406
5407 4257
5408 5355
1975 2705
1975 4430
5409 5410
5411 5343
5411 5412
5413 4414
5413 2698
5354 5414
5324 5415
5324 4403
5324 5416
5417 5418
5417 5419
5420 5359
5421 5422
5421 5423
747 5424
747 5425
747 2774
747 5426
747 5427
5416 5428
3172 5429
2832 5345
2833 5430
2723 5431
2723 5432
2723 2731
5431 5425
5431 5433
5433 5434
5433 5345
5435 5436
5437 4403
4430 2680
4430 5334
5438 773
2679 2714
2679 5370
2731 5439
2731 5335
2731 5426
5440 2834
2699 5343
2709 5441
2709 5442
2709 5443
2848 2950
4638 2704
4638 5444
4638 5336
5445 5370
5343 2830
5343 749
5419 4416
5432 5436
5432 5357
5432 5446
5447 5448
749 5449
5450 5451
5326 5414
5326 5452
5326 5345
5326 5355
5453 5344
5453 5427
4426 2888
4426 3067
3168 5454
3067 5455
1112 5456
5414 5355
5345 752
5345 5410
5325 5370
5356 5457
5458 5457
5355 2830
5459 5460
5461 5462
818 4324
4506 5463
5460 753
5464 5465
5466 5467
5468 5469
5470 5471
4411 5472
5473 5474
5473 3873
5473 5475
3873 5476
3873 5477
3873 5478
3873 5479
5480 5481
2840 5482
3691 5483
2856 5484
5485 5486
832 5487
773 5378
773 5488
2950 5489
2950 2003
5463 5490
5491 5492
5423 5493
5423 2003
5179 5494
5495 5496
5497 5498
5441 5499
1225 5500
5501 5502
5503 5504
5009 5505
5009 5506
5469 5507
5508 5509
1995 5510
1134 5511
1134 5512
1134 5513
2001 5514
5515 5516
5517 5518
5519 5520
5521 5522
5523 5524
934 5525
3106 5526
3106 5158
4025 5527
2049 5528
5529 5530
5531 5532
5533 5534
5535 5536
5537 5538
5539 5540
5539 5541
3757 5365
3757 1200
5542 849
5542 5543
5542 5544
4464 5545
5546 5547
5548 5549
5550 5551
5550 5552
5553 5554
5555 2111
5556 5557
5558 5559
5560 5561
2815 5562
5563 5564
5563 5565
5563 5566
5025 5567
5025 5568
5569 5570
5571 5559
4933 5572
5573 5574
5573 3857
5573 3005
5573 5575
5573 5576
5576 5577
5578 5579
5578 3929
5578 5197
5260 5580
5581 5582
5583 5584
2277 3824
2277 5585
5261 5586
5587 5588
5589 5590
5591 4557
5592 5593
5594 5595
5596 5597
5598 5599
5600 5601
5600 5602
5603 5604
5605 5606
5607 5608
5609 5610
813 5611
864 5612
864 5613
5614 5615
5616 5617
3880 1491
5618 3057
5619 5620
5619 3152
5621 5622
5045 5623
5526 5624
5526 5625
1240 5626
5627 5628
5627 5629
5627 5630
5631 5632
5633 5634
3929 4996
5635 5636
5637 3982
5638 5639
5638 5640
5638 5641
5642 5643
5644 5645
5646 5647
5646 5648
5649 5650
5651 5652
5653 5654
5655 5656
3222 5657
3222 5658
5659 5660
5661 5662
2892 5663
5210 5664
5665 5666
5667 5668
5669 5670
5671 5672
5673 5674
5053 5675
5053 5676
5677 5678
5679 5680
5681 5682
5683 5684
5685 5686
5687 3784
5687 4996
5688 5689
5690 3299
5690 5691
3095 5692
5693 5694
5693 4194
5695 5696
5697 5698
5699 5700
5628 5701
5628 5702
5703 5704
5705 5706
5707 5708
5709 5710
5711 5712
5713 5714
5713 5715
5716 5717
5716 5718
4741 5719
5720 5721
3152 3232
4728 5722
1900 5723
2937 5724
2937 5725
5726 5727
3799 5728
5729 5730
5731 5732
5731 5733
5734 5735
5736 5737
5738 5739
5740 5741
5742 5743
5744 1424
5745 5746
5682 5747
5682 5748
5749 5750
5751 5752
5751 5753
5751 5754
5751 3079
5755 4028
3870 5756
5757 5758
5759 5760
5761 5762
5763 5764
5765 5766
5765 5767
5768 5769
5770 5771
5772 5773
5774 5775
5776 5777
5778 5779
5780 5781
5782 5783
5784 5785
5784 5786
5787 1184
5788 5789
5790 5791
5790 4058
5792 5793
5794 849
5795 5796
5795 5797
3154 5798
5799 5800
5801 5208
916 5802
5803 5804
5805 5806
1969 5807
5808 5809
5810 5811
1741 5812
5813 5814
4058 5815
3818 5816
5817 4612
3959 5818
3959 5819
5819 5820
5821 5822
5823 5824
5825 5826
5827 3650
5828 5829
4002 4063
5830 5241
5831 5832
5833 5834
3551 5835
5836 5837
5838 5839
5840 5841
3279 4960
5842 5843
2068 5844
2068 5845
3166 5846
5847 5848
5847 5849
5850 5851
5850 5852
1190 2472
5853 5854
5855 5856
5857 5858
5859 5860
5861 5862
5863 5864
5863 5865
5866 5867
5866 5868
5869 5870
3140 5871
5872 5029
5873 5874
5875 5876
5877 5878
5879 5880
5881 4959
5881 4716
5882 882
5883 5884
5885 5886
5887 5837
5888 5889
4237 3964
5890 5891
4885 5892
4885 5893
5894 5895
5896 4043
5896 2969
5897 5898
5899 5900
5901 5902
5903 5904
5905 2409
3745 5906
5907 5908
5909 5694
5909 5910
5909 5911
5912 2617
5078 5913
5914 5915
5916 5917
5918 5919
3694 5920
5921 3506
5922 5923
5924 5800
5925 5926
5927 5928
4583 2229
5929 5930
4374 5931
5932 5933
5934 5935
5936 5937
5936 5938
5939 5940
5941 5942
5943 5944
5943 5945
5946 5947
5948 5949
5950 5951
5952 5953
5952 5954
5955 5956
5957 5958
5959 5960
5131 5961
5962 5963
5964 5965
5964 5966
5967 5944
5968 5969
5970 5971
5970 5972
5973 4783
5973 5974
5975 5976
5975 5977
5978 5979
5980 5981
5982 5767
5983 5984
5985 5986
5987 5988
5989 5990
5991 5992
5762 5579
5762 2334
5762 5165
5762 5993
5994 5995
5994 5996
5994 5997
5998 5758
5999 3091
5684 6000
6001 6002
6003 3078
5208 6004
6005 6006
6007 6008
6007 6009
5239 6010
6011 6012
4172 6013
6014 6015
5960 6016
5849 6017
5849 6018
6019 6020
6021 6022
6023 6024
931 6025
6026 6027
6028 1555
3528 5234
3528 6029
6030 6031
6032 6033
6034 3539
6034 6035
6036 6037
3111 6038
3111 6039
6040 6041
6042 6043
6044 6045
6046 6047
6048 6049
6050 6051
1875 6052
6053 5566
6053 5456
6054 6055
6056 6057
6058 6059
6060 6061
6062 6063
6064 6065
6066 6067
6068 6069
6068 6070
6068 3441
6071 6072
4716 6073
4716 6074
4716 6075
4716 6076
4716 6077
4716 6078
6079 6080
5474 6081
4256 6082
4256 6070
6083 6084
3824 6084
3824 6085
3362 6086
3362 6087
6084 6088
6084 6089
4026 6090
6091 6092
6093 6094
6093 5405
6093 6095
6090 6096
6097 2234
6097 6098
6099 6100
6101 3117
4617 6102
6103 4130
6104 6105
5066 6106
6107 5020
6108 6109
6110 6111
6112 6113
6114 6115
6116 6117
6118 6119
979 6120
6121 6122
6123 6124
6125 6126
6127 6128
6129 6130
2284 6131
5775 6132
6133 6134
6135 6136
6137 6138
6139 6140
6141 6142
6141 6143
6141 6144
6141 6145
6141 6146
6141 6147
6141 6148
6141 6149
6150 6151
6152 6153
6154 6155
6156 6157
5800 6158
6159 6160
6161 6162
3058 4872
6163 1453
6164 6165
3685 6166
6167 3927
6168 6169
6170 6171
6172 6173
6174 6175
6176 6177
6178 6179
6180 6181
6180 6182
6180 6183
3552 6184
6185 6186
6187 6188
6189 6190
6191 6192
6193 6194
6193 6195
6196 1772
6197 6198
3120 2524
6199 6200
6201 6202
6203 6204
6205 1527
6206 5876
6207 6208
6209 3306
6209 6210
6211 6212
6213 6214
6215 6216
6215 6217
6215 6218
6215 6219
6220 6221
6222 6223
6222 6224
4086 6225
6226 6227
6228 6229
6230 6231
2497 6232
1056 6233
6234 6235
6236 6237
6238 6239
1493 6240
6241 6242
6243 2322
5807 6244
6245 6246
6247 6248
2263 6249
6250 6251
6252 6253
3212 6254
6255 6256
6257 6258
6259 3890
6260 6261
6262 6263
4790 6264
6265 6266
2409 6267
2409 1306
2409 6268
2409 6269
6270 6271
1184 6272
5482 6273
6274 6275
6276 6277
3068 6278
5493 6279
5493 6280
6281 6282
6283 6284
6283 6285
6286 6287
1116 6285
6288 6289
6290 6291
5559 6292
5509 5567
5509 6293
6294 6295
6296 6297
1198 6298
6299 6300
6301 2750
5566 5565
6302 6303
1500 6304
6305 5504
6306 6307
6308 6309
6310 6311
6312 6313
6314 6315
6316 6317
6318 6319
6320 6321
6322 6323
3868 6324
3868 6325
6326 6327
6326 6328
6329 6330
6331 6332
6333 6334
6335 6336
6335 6337
6338 6339
6340 6341
6342 5567
6343 6344
6345 6346
4460 2911
6347 6348
3518 6349
6350 6351
6352 6353
6354 6355
6354 4984
6057 6356
6357 5543
6358 6359
6360 6361
6362 6363
6364 6365
6366 6367
6366 6368
6369 1527
6370 6371
6370 6372
6373 6374
6375 6376
4586 6377
6378 6379
6380 4566
6380 6381
6382 6383
6384 6385
6386 6387
6388 4008
6389 6390
6391 6392
6393 6394
6395 6396
6397 6398
6399 6398
5789 6400
5789 6401
6402 6398
6403 6400
6404 6401
4439 5835
6405 6406
6407 6408
2286 6409
6410 6411
6412 6413
6414 6415
6414 6416
6417 6418
6419 6420
6421 6422
6423 6424
6425 6426
6427 6428
6429 6430
6431 6432
6433 6434
5920 6435
6436 6437
6438 6439
6440 6441
6442 6443
5613 6444
5613 6445
6445 6446
6445 5753
6447 6448
6449 6450
6451 6452
5063 6453
6454 6455
6456 6457
6458 6459
6460 6461
6462 6463
6464 6143
6465 6466
6467 6145
6467 6468
6469 6470
6471 5739
6471 6472
6473 6145
6474 6475
6474 6476
6477 6478
6479 6480
6481 6482
6483 6484
6485 6486
6145 6487
6488 6489
6490 6491
6492 6493
1537 6494
6495 6496
6497 6498
5303 6499
1302 6500
6501 6502
6503 6504
6505 6506
1308 6507
6508 6509
6510 6511
6512 6513
1338 6514
6515 6516
6517 6518
6519 6520
6521 6522
4028 6523
6524 6525
6526 6527
1464 6528
6529 6530
6531 6532
6533 6534
2040 6535
2040 6536
2040 6537
6538 6539
6540 6541
2783 6542
6543 6544
6545 6546
1397 6547
6548 6549
1377 6550
6551 6552
6553 6554
6555 6556
6530 6557
6528 6558
3416 6559
4860 6560
6561 6562
6563 6564
6563 6565
6566 6567
6568 6569
4283 6570
6571 5926
6572 6573
6574 5891
6575 6576
6577 6578
3160 6579
6580 6581
6582 6583
6584 6585
6586 6587
6588 6589
6590 6478
6590 6591
6169 6592
6558 3826
6593 6594
6595 6596
6597 6598
6599 6148
6600 6601
6602 6603
6604 6605
6606 6607
6608 6609
6610 6611
4054 6224
6612 6613
6614 6615
2050 6616
6617 6618
6619 6620
6621 6622
6623 6624
6623 6625
6626 6627
4321 6628
6629 6630
6631 6632
6633 6634
6635 6636
6637 6638
3768 6639
2062 6640
6641 6642
6643 6644
6645 6646
6647 6648
6649 1565
6650 6651
6652 6653
2930 6654
6655 6656
6587 6657
6658 6659
6660 6661
6662 6663
6664 6665
6666 6667
6668 6669
5256 6670
6671 6672
6671 6673
6674 6675
6676 6677
6678 6679
6680 4003
6491 6681
6682 6683
6684 6685
6686 4195
6686 5630
6687 6688
6689 6690
6691 6692
6693 6694
6695 6696
6697 6698
6699 6700
3570 6701
6702 6703
6704 6705
6706 6707
6708 6709
6708 4280
6710 6711
6712 6713
6714 6221
6715 1708
6716 6717
6718 6719
6720 6721
6722 6723
6724 6725
6724 6726
1688 6677
5814 6727
1692 6728
6729 6730
6731 6732
6733 6734
1716 6735
6734 6736
6737 6738
6739 6740
6741 1718
6742 6743
6744 6745
6746 5579
6747 6748
6747 6749
6747 6750
6747 6751
6752 6753
6754 6755
6756 6757
6756 1756
6758 6759
6758 6760
1747 6761
2312 6762
6763 6764
6765 2940
3857 5574
6766 6767
6768 6769
1756 6770
1756 6771
6772 6773
6774 6759
6774 6775
6774 6776
6777 6778
6779 6755
6780 6781
6755 6782
1751 4801
6783 3091
6784 6785
6778 6786
5718 5158
5718 4194
6787 6738
6788 6789
6790 6791
6792 6793
6794 6795
6796 6797
6798 6799
6800 6221
6801 6802
4677 6803
6804 6805
6806 6807
6808 6809
6810 3995
6810 2595
6811 5310
6812 6813
6814 6815
6816 6817
6818 6819
6820 6821
5652 6822
6823 6824
6825 6826
3630 6827
6828 6829
3999 6830
3210 6831
6832 6833
6834 6835
6836 6837
6838 6839
6840 6841
6842 6843
6844 6845
6846 6847
6848 6849
6850 6851
6852 6853
6854 6855
6856 6857
6858 6859
6860 6861
3647 6862
6863 6864
6865 6866
6867 6868
6867 6869
6867 6870
6871 6872
6873 6874
6875 2473
6740 5499
6876 6877
6878 6879
6880 6881
6882 5541
6883 6884
6885 6886
6887 6888
6889 6890
6891 6892
6893 6894
6895 6896
6897 6898
6897 6899
6897 6900
6901 6902
6903 6904
6905 6906
6907 6908
6907 6909
5003 6910
6911 6912
6911 6913
5856 6914
6915 6916
2472 6917
2473 6918
6919 6920
2474 6921
6922 6923
6922 6924
6925 6926
6927 6928
3001 6929
6930 6931
6932 6933
6934 6935
6936 6937
6938 6939
5935 6940
2137 5953
2137 6940
2137 6941
6940 6942
6943 6944
6945 6946
6947 6948
6949 6950
6951 6952
4816 6953
6954 6117
2331 6955
6956 6957
6958 6959
6960 6961
6962 6963
6964 6965
6966 6967
6968 6969
6970 6971
6972 6973
6974 6975
6974 5758
6976 6977
6978 6979
6980 6981
6982 6983
6984 6985
6986 6987
6986 6988
6989 6990
6991 6992
6991 6993
6126 6994
6995 6996
6997 3078
3946 6998
5670 6999
5670 7000
5670 6446
3039 7001
3039 7002
7003 7004
7005 7006
7007 7008
7009 7010
7011 7012
7011 7013
7011 7014
7011 5168
7015 7016
6767 7017
7018 7019
7020 7021
7022 7023
7022 7024
7025 7026
2322 7027
3517 7028
5197 7029
5714 7030
4980 7031
4980 6313
5166 7032
7033 5574
7028 7034
7035 7036
7037 7038
7039 7040
7041 7042
7043 7044
7043 7045
7046 7047
2342 7048
7049 7050
7051 7052
7053 6311
7053 7054
2505 7055
7056 7057
7058 7059
7060 7061
7062 7063
7064 7065
7066 7067
7068 7069
7070 7071
7072 7073
7074 7075
2531 7076
7077 7078
7079 7080
7081 7082
7083 7084
7085 7086
7087 7088
7089 7090
7091 6482
7092 7093
7094 7095
7096 7097
7098 7093
7099 7100
7101 7102
2434 7103
7103 7104
7105 7106
7107 7108
7109 7110
7111 7112
7113 7114
7113 7115
7116 7117
7118 7119
6916 7120
7121 7122
7121 7123
7124 7125
7124 7126
7127 7128
6327 7129
7130 7131
7132 7133
7134 7135
7136 7137
7138 7139
5752 7140
7141 7142
7141 7143
7144 7145
7146 7147
7146 7148
7146 7149
7139 7150
7151 7152
2481 5754
7153 7154
7155 6177
7156 7157
7158 7159
7160 7161
7162 7163
5479 7164
7165 7166
7165 7167
7168 7169
7170 7171
7172 7173
7174 7175
7176 7177
4685 7178
7179 7180
7181 7182
7183 7184
7185 7186
7108 7187
7188 7189
7190 7191
7192 7193
7194 7195
7196 7197
7198 3091
7198 7199
2627 7200
7201 7202
7201 7203
7204 4060
7205 7206
7207 7208
3008 5664
3008 7209
7210 7211
4664 7212
6841 7213
7214 7215
7216 7217
7218 7219
7220 7221
4196 3028
4196 7222
7016 7223
7224 7225
7226 7227
7228 7229
7230 7231
7232 7233
7234 7235
7234 5158
5158 7236
5158 7237
5767 7238
7239 7240
7241 7242
7243 7244
7245 7246
7247 7248
7004 7249
2872 7250
7251 7252
7253 7254
7255 7256
7257 6175
7258 5394
7259 7260
7261 7262
7263 7264
7265 7266
7267 5764
2921 7268
7269 7270
7271 7272
7273 7274
2938 7275
7276 7277
7276 7278
7279 7277
7280 7281
7282 7281
7281 3142
7281 7283
7284 7285
7286 7287
7288 7289
7290 7291
7292 7293
7294 7295
7296 7297
7298 7299
7300 7301
7300 7268
7302 7303
7304 7305
7306 7307
7308 3096
7308 7309
7310 7311
7312 7313
7314 6904
3638 7315
7316 7317
7318 5165
7319 7320
7321 7322
7323 7324
7325 7326
7327 7328
7000 7329
7330 7329
7331 5754
7332 7333
7334 7335
7336 7337
7199 7338
7339 7340
7341 7342
7343 7344
7345 6928
3028 7346
7347 7348
7349 7350
7351 7352
7353 7354
7355 7356
7357 7358
4914 7359
7360 5666
7361 7362
7363 7364
5754 7365
6446 5797
3079 7366
3083 7367
7368 7369
7370 7371
6502 7372
7373 7374
7375 7376
7377 7378
7379 7380
7381 7382
7383 7384
3096 7385
7386 7387
7386 3105
7388 7389
7390 7391
7392 7393
7392 7394
7395 7396
5664 7397
7398 7399
7400 7401
7402 7348
7403 7404
7405 7406
7407 7408
7409 7410
7411 7412
7413 7414
7415 7416
7417 7416
6363 7418
7419 7420
7421 7422
7423 7424
7425 3194
7426 7427
7428 7429
7430 7431
7432 7433
7434 7435
7436 7437
7438 7356
5392 7439
7440 7441
7442 7443
7444 7445
7446 7447
7448 7449
7450 7451
7452 7453
7454 7455
7456 7457
7458 7459
7460 7461
7462 3592
7463 7464
7465 7466
7467 7468
7469 7470
7471 7472
7473 7474
7475 7476
7477 7478
7479 7480
3299 7481
5860 5938
7482 7483
7484 7485
7486 7487
7488 7489
7490 7491
7492 7493
6080 4768
7494 7495
7496 7497
7498 7499
3977 7500
7501 7502
7503 7504
7505 7506
6971 7507
7508 7509
7510 7511
7512 5486
7513 7514
3410 7515
7516 7517
7518 7519
7520 7521
7522 7523
7524 6609
7525 7526
7527 7528
7529 7530
7531 7532
7533 7534
7535 7536
7537 7538
7539 7540
7541 7542
7543 7544
7545 7006
7546 6659
7547 7548
7547 7549
4070 7550
7551 7552
7553 7554
7555 7556
7557 7558
7557 7559
7560 7561
7562 7563
7034 7564
6862 7565
7566 7567
7566 7568
7569 7570
7571 7572
7573 7574
7575 7576
7577 7578
7579 7580
7581 7582
3900 7583
7584 7585
7586 7587
7587 7588
5676 7589
7590 7591
7592 7593
7594 7595
6200 7596
7597 7598
7599 7600
7601 7602
7603 7604
7605 7606
7607 7608
7609 7610
7611 7612
7613 7614
7615 7616
7617 7618
3932 7619
7620 7621
7622 7623
7624 7625
7626 7627
7628 7629
7630 7631
7632 7633
7634 7635
4073 7636
7637 7638
7639 7640
7641 7642
7643 7644
7645 7646
7647 7648
7649 7650
7651 7652
7651 7653
7654 7655
7654 7656
7657 7658
4276 7659
7660 7661
7662 7663
7664 7665
7666 7667
7356 7668
7669 7670
7671 7672
7673 7656
7674 7675
6955 7676
7677 7678
7679 7680
7681 7682
7683 7684
7685 7686
7687 7688
7689 7690
7691 7692
7693 7694
7695 7696
7697 7698
7699 7700
7699 7701
7702 7703
7704 7705
7706 7707
7708 7709
7710 7711
7712 7713
7714 7715
7716 7717
7718 7719
7720 7721
7014 7722
6996 7723
7724 7725
7726 7727
7728 7729
7730 7731
7732 7733
7159 7734
7735 7736
7737 7738
7739 7740
7741 7742
7743 6983
7744 7745
7746 7747
7608 7748
7749 7750
7751 7752
7753 7754
7755 7756
7757 7758
4656 7759
7760 7761
7762 7763
7764 7765
7766 7767
7768 7769
7770 7771
7050 7772
7773 7774
7775 7776
7777 7778
7779 7780
7781 7782
7783 7784
7785 7786
7787 7788
7789 7790
7791 7792
7793 7794
7795 7796
7797 7798
7799 7800
7801 7802
7803 7804
7805 7806
6781 7807
7808 7809
7810 7811
7812 7813
7814 7815
7816 7817
7818 7819
7820 7821
7822 7823
7824 7825
7826 7827
7828 7829
7830 7831
7832 7833
7834 7835
7836 7837
7838 7839
7840 7841
7842 7843
7844 7845
7846 7847
7848 7849
7850 7851
7852 7853
7854 7855
6004 7856
6004 7857
7858 7859
6146 7860
7861 7862
7863 7864
7865 7866
7867 7868
7869 7870
7871 7872
7873 7874
7875 7876
7877 7878
7879 7880
7881 7882
7883 7884
7885 7886
7887 7888
7887 7889
7890 7891
7892 7893
7894 7895
7896 7897
7898 7899
7900 7901
7902 7903
7904 7905
7906 7293
6149 7907
7908 7909
7910 7911
7912 7913
7914 7915
7916 7917
7916 7918
7919 7920
7921 7922
7923 7924
7925 7926
7927 7928
7929 7930
7929 7931
7929 7932
7933 7934
7933 7935
7936 5797
7937 7938
5797 7939
7940 7941
7942 7943
7944 7945
7946 7947
7948 7949
7950 7951
5977 7184
7952 7953
7954 7882
7955 7956
7957 7958
7959 7960
6541 7860
7961 7962
7963 7964
7965 7966
7860 6624
7860 7967
7968 7969
7970 7971
7972 7973
7974 7975
7976 7977
7978 7979
7980 7981
7982 7983
7984 7985
7986 7987
7315 7988
7989 7990
6171 7991
7992 7993
7994 7995
7996 7997
7998 7999
8000 8001
8002 8003
8004 8005
7480 8006
8007 8008
8009 8010
8011 8012
8013 8014
8015 8016
8017 8018
8019 8020
8021 8022
8023 8024
8025 8026
8027 8028
8029 8030
8031 8032
8033 8034
8035 8036
8037 8038
8039 8040
7187 8041
8042 8043
8044 8045
8046 8047
6786 8048
7829 8049
8050 8051
8052 8053
8054 8055
8056 8057
8058 8059
6993 8060
8061 8062
8063 8064
8065 8066
8067 8068
8069 8070
8008 8071
8072 8073
8074 8075
8076 8077
8078 8079
8080 8081
8082 8083
8084 8085
8086 8087
8088 8089
8079 8090
8091 8092
8093 8094
8095 8096
8097 8098
8099 8100
8101 8102
8103 8104
8105 8106
8107 8108
8109 8110
8111 8112
8113 8114
8115 8116
8117 8118
8119 8120
8121 8122
8123 8124
8125 8126
8127 8128
8129 8130
8131 8132
8133 8134
8135 8136
8137 8138
8139 8140
8141 8142
8143 8144
8145 8146
8145 8147
8148 8149
8150 8151
8152 8153
8154 8155
8156 8157
8156 8158
8159 8160
8161 8162
8163 8164
8165 8166
8167 8168
7935 8169
8170 8171
8172 8173
8174 8175
8176 8177
8178 8179
8180 8181
8182 8183
8184 8185
8186 8187
8188 8189
8190 8191
8192 8193
8194 8195
8196 8197
8198 8199
8200 8201
8202 8203
8204 8205
8206 8207
8208 8209
8210 8211
8212 8213
8214 8215
