1071   28752 0.012762475 
362   14640 0.00738182 
35660   11281 0.005776689 
105   10461 0.005378443 
482708   9689 0.0049989703 
663930   8673 0.004481481 
928   7900 0.00407887 
807   6102 0.0031508969 
27836   5393 0.0027783464 
2686   4877 0.002514249 
108623   4813 0.002479139 
2632   4364 0.0022435195 
1845   4352 0.0022385756 
479   4239 0.0021714927 
831   4217 0.0021626395 
1244   4044 0.002071208 
663605   3958 0.002026459 
1190   3707 0.0018913976 
2525   3621 0.001844845 
802   3390 0.0017237744 
663559   3499 0.0016934689 
3424   3149 0.0015950885 
44005   3114 0.0015765281 
115673   3100 0.0015678239 
21170   3024 0.0015292842 
383   3035 0.0015278343 
155431   2904 0.0014620413 
4718   2956 0.0014535028 
8745   2866 0.0014422273 
516   2865 0.0014418446 
115240   2850 0.0014316258 
1431   2818 0.0014169533 
105477   2799 0.0014063255 
110104   2799 0.0014046163 
664788   2770 0.0013906112 
280435   2756 0.0013834609 
3   2751 0.0013812677 
772   2686 0.0013404307 
103   2653 0.0013278965 
310   2628 0.0013194683 
209   2624 0.0013120853 
20363   2591 0.001284918 
2782   2522 0.00126144 
2538   2493 0.001243488 
27801   2488 0.0012406891 
340   2457 0.0012257878 
1489   2444 0.0012151549 
697671   2403 0.001191253 
27543   2380 0.0011816509 
1490   2378 0.0011791289 
2673   2346 0.0011648433 
2282   2334 0.0011597543 
687   2341 0.0011597063 
21472   2325 0.001152228 
1024   2251 0.0011092523 
683703   2237 0.001102813 
104136   2217 0.0010890708 
94026   2202 0.0010880404 
357530   2211 0.0010876831 
682733   2207 0.0010865913 
2316   2203 0.0010840754 
110194   2202 0.0010837135 
20011   2199 0.0010835357 
21137   2197 0.0010829513 
47763   2182 0.0010753174 
62875   2164 0.0010672831 
1034017   2139 0.0010518671 
3162   2135 0.0010486294 
27803   2128 0.0010453686 
44012   2126 0.0010452246 
106354   2090 0.0010259469 
196   2086 0.0010248994 
805   2092 0.0010248921 
93539   2083 0.0010234889 
1983   2088 0.0010228141 
1273   2077 0.001018833 
108601   2057 0.00100572 
2548   2055 0.0010043676 
1368   2020 0.0009870977 
4613   2002 0.00097537355 
21   1992 0.00097270665 
722   1962 0.0009587199 
3099   1970 0.00095752865 
1182   1959 0.00095478154 
693313   1945 0.0009458397 
403   1924 0.00093852053 
26084   1924 0.00093493477 
38337   1883 0.0009167653 
678518   1884 0.0009122878 
664319   1876 0.0009102894 
20024   1866 0.0009050507 
939   1862 0.00090438727 
667324   1860 0.0009001798 
5995   1853 0.0008943881 
93930   1816 0.0008794793 
825   1814 0.00087745854 
2422   1807 0.0008744586 
670352   1774 0.0008546324 
11879   1771 0.0008536512 
666985   1755 0.00084350107 
94297   1752 0.00084273814 
20921   1742 0.000837329 
616   1729 0.0008334393 
27814   1729 0.00083211163 
6510   1729 0.0008315675 
889   1730 0.00082818884 
883   1709 0.0008176411 
75543   1701 0.0008169131 
681307   1665 0.00079642824 
1069   1666 0.0007948291 
60085   1651 0.0007888984 
38384   1648 0.0007881691 
686284   1630 0.00077672914 
77327   1622 0.00077630644 
2844   1585 0.00075463357 
663608   1587 0.0007538969 
697498   1585 0.00075254345 
1210   1582 0.00075183745 
4541   1577 0.00074884243 
20256   1571 0.0007471973 
63055   1565 0.000743339 
104683   1555 0.00073896296 
254926   1532 0.0007262885 
104534   1526 0.0007228271 
681397   1517 0.00071768207 
77838   1501 0.0007094442 
1036   1495 0.00070183235 
8000   1485 0.000701305 
71075   1482 0.00069836184 
666762   1477 0.000696146 
2661   1478 0.00069563236 
268336   1463 0.00068458763 
705284   1456 0.00068139116 
2420   1444 0.00067826774 
966   1442 0.00067812356 
4935   1459 0.00067449664 
707742   1436 0.0006725877 
3482   1421 0.0006647853 
13024   1419 0.0006642969 
4696   1379 0.00064447854 
1271   1407 0.0006438802 
3523   1405 0.00064237404 
18858   1376 0.0006401023 
401876   1365 0.00063534995 
656426   1350 0.0006280778 
650921   1350 0.0006257576 
1258   1341 0.00061968405 
402216   1325 0.000615108 
71153   1321 0.00061073864 
4562   1315 0.0006098971 
