41   323 0.003975365 
151   278 0.0033624968 
32   260 0.0031567572 
66   253 0.003084562 
432   249 0.0030196556 
61   240 0.0029036966 
615   225 0.0027054332 
4399   174 0.0020454177 
410   169 0.001971188 
337   138 0.0015484209 
226   137 0.0015391271 
40   121 0.0013173596 
4267   121 0.0013172734 
247   120 0.0013154744 
345   115 0.0012465842 
305   114 0.0012386398 
3276   115 0.0012372802 
79   110 0.0011917774 
69   110 0.0011909158 
702   107 0.0011386224 
349   106 0.0011239711 
31   101 0.0010626094 
3200   101 0.0010542636 
3151   101 0.0010529888 
2676   98 0.0010182237 
436   99 0.0010077988 
65   96 0.0009909819 
186   95 0.00097215886 
126   94 0.00096896803 
983   94 0.00096172455 
3736   93 0.00093717535 
240   89 0.0008886298 
241   89 0.0008855867 
1047   88 0.0008801692 
701   87 0.0008686918 
1301   86 0.00086389185 
4626   85 0.0008426661 
48   84 0.0008302293 
13   83 0.00080209953 
4283   79 0.0007602208 
54   79 0.00075545575 
1260   79 0.0007519021 
3317   78 0.0007451442 
29   78 0.00074462587 
365   77 0.0007342457 
171   77 0.0007280172 
6254   76 0.0007157035 
4607   75 0.00070849305 
3582   75 0.0007027838 
173   75 0.0006996561 
60   76 0.0006995782 
4288   73 0.00068332197 
4284   73 0.0006756766 
2421   73 0.00066718727 
2724   72 0.00065810495 
1200   72 0.0006549316 
2722   70 0.00064091425 
2677   70 0.00063550257 
732   70 0.0006350015 
1035   69 0.0006170806 
731   68 0.0006098973 
1013   69 0.0006033749 
2010   67 0.0005964488 
742   67 0.0005949143 
8642   66 0.0005848253 
820   67 0.00058393384 
53   65 0.0005761488 
3586   65 0.00056837307 
4625   65 0.0005669726 
4253   65 0.0005665394 
3928   65 0.000560963 
431   64 0.0005565839 
1636   64 0.00055560644 
5385   64 0.0005535639 
4409   64 0.0005530344 
1701   64 0.00054937816 
77   64 0.0005456054 
8830   63 0.00054501556 
46   63 0.0005444252 
1577   63 0.0005434225 
2807   63 0.00054196955 
628   63 0.0005365164 
6230   63 0.0005345234 
2725   62 0.00052844925 
1049   62 0.00052558724 
1625   62 0.0005223775 
397   61 0.0005090627 
4616   60 0.0005063304 
2705   60 0.0005031723 
6146   60 0.0004993656 
737   60 0.000498688 
2738   60 0.00049260125 
5244   59 0.00049029535 
2446   59 0.00048993697 
4263   59 0.0004838978 
2033   59 0.00048355287 
4689   58 0.0004737145 
4286   58 0.0004730206 
726   57 0.0004636923 
3359   57 0.000460628 
375   57 0.00045364443 
793   56 0.0004511259 
4486   56 0.00044943346 
59   56 0.0004395275 
4252   55 0.00043660466 
1018   55 0.00043453998 
717   55 0.00043185218 
2736   55 0.00043026818 
3282   55 0.00043012243 
4418   55 0.00042945158 
12651   54 0.00042634283 
4404   54 0.00042463478 
51   54 0.00041994156 
561   54 0.0004184441 
2643   54 0.00041831157 
370   54 0.0004150861 
4336   53 0.0004074705 
1056   53 0.00040646642 
2920   53 0.00040510803 
4624   53 0.000403917 
1278   53 0.00040381087 
4411   53 0.00040253543 
4664   53 0.0004022154 
2748   53 0.00040153362 
4487   52 0.00039126835 
3666   52 0.00038701127 
2682   51 0.00038028922 
1922   51 0.00037949148 
23   51 0.0003791037 
4403   51 0.0003785814 
1051   51 0.00037826668 
360   51 0.0003775537 
2011   51 0.00037563482 
1791   51 0.00037360797 
4481   50 0.0003654927 
1010   50 0.00035929523 
2554   49 0.00035616133 
9676   49 0.0003539658 
6214   49 0.00035271212 
6294   49 0.0003519926 
1651   49 0.00035173597 
437   49 0.00035111269 
238   49 0.0003507784 
710   49 0.00035014446 
1624   49 0.000349138 
221   49 0.00034748577 
5272   48 0.0003434074 
562   48 0.000341454 
16274   48 0.00033982494 
2923   48 0.00033912057 
2994   48 0.00033911096 
3673   48 0.00033886515 
543   48 0.00033794087 
2593   48 0.00033548562 
2648   48 0.00033430703 
227   48 0.00033099746 
2721   47 0.0003296074 
4461   47 0.0003264153 
2592   47 0.0003251988 
1457   47 0.0003242548 
193   47 0.00032173144 
2614   47 0.00031764444 
3015   47 0.00031726196 
297   46 0.00031591184 
4349   46 0.00031561224 
5044   46 0.00031303026 
2851   46 0.00031191792 
2761   46 0.0003118143 
183   46 0.000311403 
3532   46 0.00031035586 
713   46 0.0003098807 
782   46 0.00030965253 
2989   46 0.0003092343 
3842   46 0.00030657812 
611   46 0.00030329474 
12618   45 0.00030167965 
4348   45 0.00030123454 
90   45 0.00029913167 
45   44 0.0002879944 
2130   44 0.00028716464 
2222   44 0.00028591056 
3388   44 0.00028513628 
67   44 0.0002851184 
1932   44 0.0002841871 
3865   44 0.00028365687 
6361   44 0.00028342177 
24   44 0.00028147647 
6243   44 0.00028126582 
1034   44 0.0002780059 
1313   44 0.00027732673 
62   44 0.00027647766 
4516   43 0.00027489982 
1674   43 0.00027413748 
1048   43 0.0002739443 
14097   43 0.00027382717 
4345   43 0.00027355825 
2510   43 0.0002706452 
719   43 0.000270047 
1364   43 0.00026971445 
1668   43 0.00026907184 
1807   43 0.0002687748 
3461   43 0.00026843988 
6275   43 0.0002681914 
311   43 0.00026722753 
12688   42 0.00026201917 
10   42 0.00026107114 
282   42 0.0002600866 
6244   42 0.00025961373 
2270   42 0.0002580231 
1630   42 0.0002575242 
4361   42 0.0002574302 
4406   42 0.00025723706 
3199   42 0.00025707355 
4259   42 0.00025472615 
2737   42 0.00025450112 
2157   42 0.00025384955 
4415   42 0.0002536209 
12   42 0.0002529248 
5400   41 0.00024785852 
2360   41 0.00024757755 
5037   41 0.00024517655 
631   41 0.00024496188 
6578   41 0.00024469476 
13003   41 0.00024424458 
1280   41 0.00024374759 
7953   41 0.00024285428 
75   41 0.00024094155 
2793   41 0.00024057586 
4340   40 0.00023538132 
2717   40 0.00023324743 
3915   40 0.00023127055 
7590   40 0.00023054834 
2647   40 0.00022987976 
1001   40 0.00022921983 
2657   40 0.0002278982 
314   40 0.0002276599 
343   40 0.00022287415 
10896   39 0.00022089946 
806   39 0.00022063336 
667   39 0.00021970742 
2632   39 0.00021794047 
209   39 0.00021639936 
566   39 0.00021626071 
177   39 0.0002158486 
4407   39 0.00021563288 
1373   39 0.00021483416 
739   39 0.00021404638 
2121   39 0.00021394198 
6366   39 0.00021330501 
645   39 0.00021295498 
2480   39 0.00021218446 
4494   39 0.00021203996 
584   39 0.00021197875 
3013   39 0.00021143355 
923   39 0.00021100194 
3075   39 0.00021044842 
499   39 0.000210162 
9884   38 0.00020606404 
4342   38 0.00020541718 
2798   38 0.00020468274 
229   38 0.00020417022 
1040   38 0.00020316533 
4617   38 0.00020281256 
6386   38 0.00020131256 
1222   38 0.0002010218 
3170   38 0.00019864069 
4491   38 0.00019821008 
4254   38 0.00019662034 
3159   37 0.00019165898 
4203   37 0.0001915026 
6207   37 0.0001914735 
310   37 0.00019117325 
207   37 0.00019023576 
2612   37 0.00019006575 
317   37 0.0001896025 
5923   37 0.0001885635 
2290   37 0.00018854985 
2107   37 0.00018833234 
2301   37 0.00018830616 
4619   37 0.00018807495 
4371   37 0.00018782228 
516   37 0.00018743153 
4401   37 0.00018568484 
758   37 0.00018560012 
4290   37 0.00018452454 
1105   37 0.00018302993 
1808   36 0.00018179024 
12743   36 0.00017970453 
16310   36 0.00017842335 
6   36 0.00017714416 
84   36 0.00017638008 
4352   36 0.00017619887 
4251   36 0.00017577375 
2616   36 0.00017477803 
2685   36 0.00017462156 
1282   37 0.00017444875 
411   36 0.0001741691 
5742   36 0.00017394067 
2655   36 0.00017313616 
1043   36 0.00017245409 
0   35 0.0001645405 
4400   35 0.00016397997 
4405   35 0.00016363077 
1816   35 0.00016353039 
706   35 0.00016299814 
2179   35 0.00016291966 
2137   35 0.00016231596 
4375   35 0.00016223846 
2600   35 0.00016173044 
780   35 0.0001616277 
4402   35 0.0001615234 
4266   35 0.00016133767 
49   35 0.00016046704 
1017   35 0.00016036892 
1639   35 0.00016006811 
4245   35 0.00016001148 
714   35 0.00015975248 
2602   35 0.00015961508 
189   35 0.00015612858 
70   35 0.00015498686 
9880   34 0.00015140384 
4351   34 0.00015136138 
188   34 0.000150695 
1634   34 0.00015015101 
13558   34 0.0001499184 
7271   34 0.00014964382 
9169   34 0.00014885295 
2695   34 0.00014849065 
2078   34 0.00014821175 
6686   34 0.00014821022 
1308   34 0.00014776294 
6208   34 0.00014530026 
176   34 0.00014327907 
1523   34 0.00014246545 
6837   33 0.00013913044 
6365   33 0.00013757893 
13730   33 0.00013654745 
4287   33 0.00013645735 
6328   33 0.00013616374 
372   33 0.00013609172 
2652   33 0.0001357362 
4919   33 0.00013551272 
14289   33 0.00013464208 
233   33 0.00013426796 
338   33 0.00013312192 
736   33 0.00013282448 
336   33 0.00012726197 
