179   352 0.0037730734 
1338   353 0.0037698005 
39   272 0.002886005 
211   273 0.0028790857 
199   244 0.0026011744 
431   241 0.0025453633 
557   235 0.0024872632 
19   174 0.0017882981 
15   160 0.0016207754 
1057   159 0.0016080788 
2730   149 0.0014942499 
2063   144 0.0014406857 
258   144 0.0014331304 
481   120 0.0011720199 
7566   121 0.0011707685 
988   111 0.001063407 
2819   109 0.0010370263 
1169   108 0.0010293643 
717   108 0.001023823 
2874   106 0.0010186153 
11   106 0.001010535 
4279   106 0.0010053995 
77   104 0.0009731382 
486   100 0.0009377827 
694   96 0.0008969175 
3714   96 0.0008905578 
1873   96 0.00088160695 
209   94 0.00086414977 
1164   95 0.000863714 
2734   94 0.00086358114 
1687   93 0.00085100654 
3888   92 0.00084644044 
88   91 0.0008346179 
227   92 0.0008301011 
733   91 0.00082915317 
1062   89 0.0008052092 
91   87 0.00078981696 
1   87 0.00078820845 
4693   86 0.00078296766 
226   86 0.00077033415 
726   85 0.00076645846 
3551   85 0.00076426583 
718   85 0.0007635338 
1028   86 0.0007578625 
2746   83 0.0007396246 
5194   83 0.000737141 
55   81 0.0007173684 
2407   81 0.00070443755 
692   79 0.00069810334 
214   79 0.0006922385 
891   78 0.0006855149 
498   79 0.0006851784 
63   78 0.00068142015 
4561   77 0.0006738893 
4506   77 0.00067270047 
1101   78 0.00067153375 
311   77 0.0006645284 
8040   76 0.00066235405 
701   74 0.0006383317 
465   74 0.0006381736 
72   73 0.0006313683 
3683   72 0.0006176386 
3183   71 0.00060471275 
76   70 0.0005934046 
844   71 0.00058885664 
2852   69 0.00058352493 
536   69 0.00058343704 
62   69 0.0005815499 
1306   68 0.0005677309 
4854   68 0.0005667951 
392   68 0.0005667356 
4701   68 0.00056621723 
3   68 0.0005659447 
4466   67 0.0005565783 
723   66 0.0005467379 
110   66 0.00054626353 
232   66 0.00054494635 
4508   66 0.00054356427 
653   65 0.00053665595 
117   65 0.00053573196 
342   65 0.0005329971 
1086   66 0.00053113967 
2062   64 0.0005295187 
215   64 0.0005241103 
3756   64 0.0005182156 
1068   63 0.00051622326 
321   63 0.0005159893 
406   63 0.00051020883 
711   63 0.0005056548 
81   62 0.00049682125 
3162   62 0.00049680454 
97   62 0.00049437204 
818   62 0.0004930493 
1095   61 0.00049080944 
1837   61 0.00048921426 
4641   61 0.00048864033 
440   61 0.00048655167 
1686   61 0.00048558577 
150   60 0.00048110494 
4607   60 0.00047910714 
2807   60 0.00047859096 
1070   60 0.00047693297 
1718   60 0.00047687104 
6635   60 0.00047588497 
4513   60 0.00047206966 
121   59 0.00046894205 
401   59 0.00046860642 
946   60 0.00046553856 
58   59 0.00046252046 
4640   59 0.0004591007 
757   59 0.00045837133 
2731   59 0.00045798084 
6629   58 0.00045756996 
10324   58 0.00045719795 
53   58 0.00045663718 
2875   58 0.00045605027 
90   58 0.00045498105 
6079   58 0.00045394374 
4560   58 0.00045388908 
135   58 0.00045345625 
4711   58 0.00045296107 
991   58 0.00045252556 
575   58 0.00045246357 
8402   57 0.00044810426 
699   58 0.00044746022 
1841   57 0.00044476055 
375   57 0.00044342142 
6734   57 0.00044121785 
2745   57 0.00043736378 
1083   56 0.00043493678 
735   57 0.00043400686 
10866   56 0.00043245812 
821   58 0.00043203658 
3817   56 0.00043194473 
4510   56 0.00043165544 
6897   56 0.00043026815 
213   56 0.00042859255 
4474   56 0.00042298465 
360   55 0.00042294455 
10323   55 0.00042189157 
565   55 0.00042043556 
446   54 0.00041037195 
7093   54 0.00040945213 
2736   54 0.00040749006 
4704   54 0.00040717926 
6877   54 0.0004057382 
3007   53 0.00039922516 
301   53 0.000396093 
2814   53 0.00039572944 
3542   53 0.00039566914 
