307   14730 0.011564863 
220   10185 0.0085549345 
505   5420 0.004744832 
1150   3986 0.0034950508 
459   3880 0.0034134567 
440   3800 0.0033301995 
527   2916 0.002535184 
616   2089 0.0017896731 
207   1953 0.0016705904 
1527   1837 0.001560555 
855   1795 0.0015264982 
2400   1711 0.0014511117 
1777   1548 0.0012993905 
3   1539 0.0012890424 
1842   1513 0.0012673646 
1080   1499 0.00125595 
1510   1458 0.0012164371 
1823   1425 0.0011875872 
592   1373 0.0011417144 
2   1344 0.00111441 
1741   1261 0.0010234735 
6084   1201 0.0009820303 
2190   1184 0.0009673642 
1805   1165 0.00095156545 
1736   1083 0.0008762746 
919   1066 0.0008616049 
743   1068 0.0008562498 
1638   1033 0.00081811415 
4393   990 0.0007812688 
1537   981 0.00077983405 
604   968 0.0007672645 
1615   941 0.00073841267 
82   942 0.0007373702 
1618   913 0.00071789813 
4795   897 0.00070275826 
5929   895 0.00070125744 
4846   880 0.0006859866 
2231   858 0.00066773884 
450   855 0.00066583836 
6862   854 0.00065864384 
1   838 0.0006494134 
3678   825 0.00063843065 
629   826 0.0006373582 
1553   817 0.00062597345 
4362   807 0.00061907293 
5969   802 0.0006175045 
4153   803 0.00061499246 
1822   793 0.0006094589 
5   785 0.00059658417 
325   763 0.0005815412 
3613   763 0.00057836 
2248   761 0.00057621335 
1425   757 0.00057502446 
1563   752 0.00056559074 
1202   744 0.0005610896 
1175   739 0.0005563472 
1109   734 0.0005530783 
409   719 0.0005372009 
178   711 0.0005314138 
511   705 0.00052684074 
4326   699 0.0005180524 
1433   695 0.0005172796 
3713   691 0.00051537424 
5492   665 0.00048820325 
2182   658 0.00048394647 
1695   652 0.0004790498 
5572   646 0.00047100754 
5918   645 0.0004708657 
498   646 0.00046745362 
4087   635 0.0004592599 
1522   633 0.00045454362 
0   615 0.00044492516 
3916   611 0.00044214964 
3703   611 0.0004382647 
2301   600 0.00043103358 
1714   600 0.0004290818 
557   600 0.00042676833 
2321   573 0.00040587172 
3794   567 0.00040069546 
590   567 0.0003993641 
1395   563 0.000395464 
117   562 0.00039472076 
1851   559 0.00039133412 
578   556 0.0003869502 
1444   552 0.00038506323 
1742   545 0.0003812153 
1583   545 0.00037931715 
8498   544 0.00037828862 
1221   543 0.0003753844 
763   533 0.00036930683 
2153   524 0.00035951586 
10231   510 0.0003491543 
67   507 0.00034569704 
3566   507 0.00034500207 
1954   508 0.00034412602 
1631   501 0.00033982893 
1187   503 0.00033891902 
1800   506 0.00033806442 
793   534 0.00033670507 
7141   489 0.00032860858 
3773   487 0.00032529826 
1419   489 0.0003240736 
1718   475 0.00031563468 
2068   493 0.0003141539 
483   472 0.00031270165 
5638   468 0.0003069393 
4843   467 0.00030550745 
10187   461 0.00030453657 
6073   467 0.00030403334 
4950   465 0.00030350962 
521   459 0.00030151304 
7181   456 0.00029627327 
4271   454 0.00029448298 
5006   452 0.00029394776 
915   451 0.00029357744 
6925   451 0.00029200892 
1414   448 0.0002908041 
2224   448 0.00029055096 
8904   449 0.00029033516 
1351   440 0.0002826811 
1845   440 0.00028109556 
10172   436 0.00028035644 
1877   437 0.0002795641 
1896   437 0.00027685222 
5003   430 0.00027250333 
9183   428 0.00027161295 
1271   425 0.00026846246 
2170   415 0.00026011694 
2239   431 0.00026004767 
3617   412 0.00025814047 
4030   413 0.00025759812 
1797   414 0.0002568075 
2193   413 0.00025627427 
1436   419 0.0002545788 
6996   409 0.00025335676 
3619   425 0.0002531284 
376   407 0.0002519838 
6363   402 0.0002477128 
458   402 0.000247572 
637   416 0.00024689344 
626   400 0.0002459199 
6883   401 0.0002456672 
5861   402 0.00024448335 
1817   398 0.00024433518 
2330   399 0.00024350874 
46758   396 0.0002419776 
1973   397 0.00024003859 
3720   395 0.00023579509 
1780   398 0.00023066101 
1465   399 0.00023050039 
